FUNDEIO/20813/SBE37SM-RS232_03720813_2021_04_05.cnv
* Sea-Bird SBE37SM-RS232  Data File:
* FileName = C:\Users\Oceanpact\Desktop\CTD_FA_04_20813\SBE37SM-RS232_03720813_2021_04_05.hex
* Software version SeatermV2 2.8.0.119
* Temperature SN = 20813
* Conductivity SN = 20813
* System UpLoad Time = Apr 05 2021 13:47:34
* sample interval = 60 seconds
* <ApplicationData>
# nquan = 10
# nvalues = 217507                                
# units = specified
# name 0 = timeJ: Julian Days
# name 1 = prdM: Pressure, Strain Gauge [db]
# name 2 = depSM: Depth [salt water, m], lat = -25.00
# name 3 = cond0S/m: Conductivity [S/m]
# name 4 = tv290C: Temperature [ITS-90, deg C]
# name 5 = sal00: Salinity, Practical [PSU]
# name 6 = timeH: Time, Elapsed [hours]
# name 7 = timeM: Time, Elapsed [minutes]
# name 8 = timeS: Time, Elapsed [seconds]
# name 9 = flag:  0.000e+00
# span 0 = 310.518484, 461.564317                 
# span 1 =     -0.148,    252.356                 
# span 2 =     -0.147,    250.580                 
# span 3 =   0.000066,   5.922944                 
# span 4 =    13.6387,    27.7097                 
# span 5 =     0.0101,    37.3455                 
# span 6 =    0.00000, 3625.10000                 
# span 7 =     0.0000, 217506.000                 
# span 8 =      0.000, 13050360.0                 
# span 9 = 0.0000e+00, 0.0000e+00                 
# interval = seconds: 60
# start_time = Nov 05 2020 12:26:37 [Instrument's time stamp, first data scan]
# bad_flag = -9.990e-29
*END*
[from data line 3460]
 449.710150    215.788    214.288   4.344834    14.8814    35.5043 3340.60000 200436.000 12026160.0  0.000e+00
 449.710845    215.733    214.234   4.344821    14.8799    35.5056 3340.61667 200437.000 12026220.0  0.000e+00
 449.711539    215.736    214.236   4.345007    14.8838    35.5038 3340.63333 200438.000 12026280.0  0.000e+00
 449.712234    215.703    214.204   4.345213    14.8827    35.5066 3340.65000 200439.000 12026340.0  0.000e+00
 449.712928    215.670    214.171   4.345239    14.8838    35.5059 3340.66667 200440.000 12026400.0  0.000e+00
 449.713623    215.624    214.126   4.345359    14.8836    35.5072 3340.68333 200441.000 12026460.0  0.000e+00
 449.714317    215.627    214.128   4.345438    14.8857    35.5060 3340.70000 200442.000 12026520.0  0.000e+00
 449.715012    215.613    214.115   4.345405    14.8861    35.5053 3340.71667 200443.000 12026580.0  0.000e+00
 449.715706    215.624    214.126   4.345445    14.8849    35.5068 3340.73333 200444.000 12026640.0  0.000e+00
 449.716400    215.602    214.104   4.345458    14.8844    35.5074 3340.75000 200445.000 12026700.0  0.000e+00
 449.717095    215.558    214.060   4.345279    14.8828    35.5072 3340.76667 200446.000 12026760.0  0.000e+00
 449.717789    215.550    214.052   4.345173    14.8753    35.5131 3340.78333 200447.000 12026820.0  0.000e+00
 449.718484    215.482    213.984   4.343766    14.8573    35.5166 3340.80000 200448.000 12026880.0  0.000e+00
 449.719178    215.471    213.974   4.342406    14.8489    35.5118 3340.81667 200449.000 12026940.0  0.000e+00
 449.719873    215.449    213.952   4.342326    14.8658    35.4957 3340.83333 200450.000 12027000.0  0.000e+00
 449.720567    215.441    213.944   4.342644    14.8642    35.5001 3340.85000 200451.000 12027060.0  0.000e+00
 449.721262    215.408    213.911   4.342863    14.8663    35.5002 3340.86667 200452.000 12027120.0  0.000e+00
 449.721956    215.386    213.889   4.343367    14.8750    35.4970 3340.88333 200453.000 12027180.0  0.000e+00
 449.722650    215.331    213.835   4.344336    14.8809    35.5005 3340.90000 200454.000 12027240.0  0.000e+00
 449.723345    215.353    213.857   4.344847    14.8828    35.5033 3340.91667 200455.000 12027300.0  0.000e+00
 449.724039    215.320    213.824   4.345491    14.8917    35.5012 3340.93333 200456.000 12027360.0  0.000e+00
 449.724734    215.320    213.824   4.346520    14.9002    35.5028 3340.95000 200457.000 12027420.0  0.000e+00
 449.725428    215.296    213.800   4.347064    14.9035    35.5049 3340.96667 200458.000 12027480.0  0.000e+00
 449.726123    215.274    213.778   4.347761    14.9089    35.5063 3340.98333 200459.000 12027540.0  0.000e+00
 449.726817    215.263    213.768   4.347609    14.8984    35.5145 3341.00000 200460.000 12027600.0  0.000e+00
 449.727512    215.252    213.757   4.347257    14.8969    35.5126 3341.01667 200461.000 12027660.0  0.000e+00
 449.728206    215.252    213.757   4.347595    14.9052    35.5082 3341.03333 200462.000 12027720.0  0.000e+00
 449.728900    215.228    213.733   4.347874    14.9073    35.5088 3341.05000 200463.000 12027780.0  0.000e+00
 449.729595    215.231    213.735   4.348080    14.9098    35.5085 3341.06667 200464.000 12027840.0  0.000e+00
 449.730289    215.206    213.711   4.348120    14.9048    35.5133 3341.08333 200465.000 12027900.0  0.000e+00
 449.730984    215.198    213.702   4.348000    14.9084    35.5090 3341.10000 200466.000 12027960.0  0.000e+00
 449.731678    215.173    213.678   4.348179    14.9164    35.5034 3341.11667 200467.000 12028020.0  0.000e+00
 449.732373    215.187    213.692   4.348352    14.9169    35.5045 3341.13333 200468.000 12028080.0  0.000e+00
 449.733067    215.165    213.670   4.348525    14.9159    35.5070 3341.15000 200469.000 12028140.0  0.000e+00
 449.733762    215.130    213.635   4.348571    14.9136    35.5095 3341.16667 200470.000 12028200.0  0.000e+00
 449.734456    215.121    213.626   4.348485    14.9028    35.5186 3341.18333 200471.000 12028260.0  0.000e+00
 449.735150    215.132    213.637   4.347675    14.9106    35.5041 3341.20000 200472.000 12028320.0  0.000e+00
 449.735845    215.097    213.602   4.347569    14.9087    35.5048 3341.21667 200473.000 12028380.0  0.000e+00
 449.736539    215.102    213.607   4.347575    14.9044    35.5088 3341.23333 200474.000 12028440.0  0.000e+00
 449.737234    215.075    213.581   4.347469    14.9083    35.5042 3341.25000 200475.000 12028500.0  0.000e+00
 449.737928    215.064    213.570   4.347695    14.9073    35.5072 3341.26667 200476.000 12028560.0  0.000e+00
 449.738623    215.056    213.561   4.347708    14.9057    35.5088 3341.28333 200477.000 12028620.0  0.000e+00
 449.739317    215.012    213.518   4.347628    14.9061    35.5077 3341.30000 200478.000 12028680.0  0.000e+00
 449.740012    215.012    213.518   4.347695    14.8994    35.5144 3341.31667 200479.000 12028740.0  0.000e+00
 449.740706    214.979    213.485   4.346182    14.8750    35.5228 3341.33333 200480.000 12028800.0  0.000e+00
 449.741400    214.990    213.496   4.343109    14.8519    35.5157 3341.35000 200481.000 12028860.0  0.000e+00
 449.742095    214.993    213.499   4.341556    14.8518    35.5016 3341.36667 200482.000 12028920.0  0.000e+00
 449.742789    214.973    213.479   4.341304    14.8571    35.4945 3341.38333 200483.000 12028980.0  0.000e+00
 449.743484    214.971    213.477   4.341436    14.8620    35.4912 3341.40000 200484.000 12029040.0  0.000e+00
 449.744178    214.971    213.477   4.341987    14.8745    35.4849 3341.41667 200485.000 12029100.0  0.000e+00
 449.744873    214.979    213.485   4.342153    14.8657    35.4944 3341.43333 200486.000 12029160.0  0.000e+00
 449.745567    214.971    213.477   4.342664    14.8573    35.5067 3341.45000 200487.000 12029220.0  0.000e+00
 449.746262    214.957    213.464   4.342213    14.8684    35.4925 3341.46667 200488.000 12029280.0  0.000e+00
 449.746956    214.960    213.466   4.344661    14.8912    35.4941 3341.48333 200489.000 12029340.0  0.000e+00
 449.747650    214.968    213.475   4.345345    14.9055    35.4874 3341.50000 200490.000 12029400.0  0.000e+00
 449.748345    214.938    213.444   4.346699    14.9114    35.4944 3341.51667 200491.000 12029460.0  0.000e+00
 449.749039    214.894    213.401   4.347509    14.9143    35.4993 3341.53333 200492.000 12029520.0  0.000e+00
 449.749734    214.892    213.399   4.348046    14.9139    35.5046 3341.55000 200493.000 12029580.0  0.000e+00
 449.750428    214.859    213.366   4.348133    14.9098    35.5091 3341.56667 200494.000 12029640.0  0.000e+00
 449.751123    214.859    213.366   4.347615    14.9091    35.5049 3341.58333 200495.000 12029700.0  0.000e+00
 449.751817    214.804    213.312   4.347263    14.9076    35.5032 3341.60000 200496.000 12029760.0  0.000e+00
 449.752512    214.804    213.312   4.347183    14.9095    35.5006 3341.61667 200497.000 12029820.0  0.000e+00
 449.753206    214.793    213.301   4.347217    14.9022    35.5076 3341.63333 200498.000 12029880.0  0.000e+00
 449.753900    214.782    213.290   4.346799    14.8868    35.5179 3341.65000 200499.000 12029940.0  0.000e+00
 449.754595    214.771    213.279   4.346161    14.8943    35.5051 3341.66667 200500.000 12030000.0  0.000e+00
 449.755289    214.728    213.236   4.346340    14.8987    35.5028 3341.68333 200501.000 12030060.0  0.000e+00
 449.755984    214.684    213.192   4.346068    14.9002    35.4990 3341.70000 200502.000 12030120.0  0.000e+00
 449.756678    214.684    213.192   4.346254    14.8931    35.5071 3341.71667 200503.000 12030180.0  0.000e+00
 449.757373    214.695    213.203   4.345279    14.8762    35.5136 3341.73333 200504.000 12030240.0  0.000e+00
 449.758067    214.692    213.201   4.343473    14.8636    35.5085 3341.75000 200505.000 12030300.0  0.000e+00
 449.758762    214.673    213.182   4.342239    14.8558    35.5044 3341.76667 200506.000 12030360.0  0.000e+00
 449.759456    214.697    213.206   4.341436    14.8506    35.5018 3341.78333 200507.000 12030420.0  0.000e+00
 449.760150    214.697    213.206   4.339765    14.8180    35.5161 3341.80000 200508.000 12030480.0  0.000e+00
 449.760845    214.686    213.195   4.337463    14.8051    35.5068 3341.81667 200509.000 12030540.0  0.000e+00
 449.761539    214.667    213.176   4.336488    14.8028    35.4999 3341.83333 200510.000 12030600.0  0.000e+00
 449.762234    214.676    213.184   4.336263    14.8026    35.4981 3341.85000 200511.000 12030660.0  0.000e+00
 449.762928    214.643    213.152   4.336263    14.8042    35.4966 3341.86667 200512.000 12030720.0  0.000e+00
 449.763623    214.623    213.132   4.336349    14.8045    35.4972 3341.88333 200513.000 12030780.0  0.000e+00
 449.764317    214.621    213.130   4.336382    14.8065    35.4956 3341.90000 200514.000 12030840.0  0.000e+00
 449.765012    214.610    213.119   4.336555    14.8080    35.4958 3341.91667 200515.000 12030900.0  0.000e+00
 449.765706    214.591    213.100   4.336681    14.8097    35.4954 3341.93333 200516.000 12030960.0  0.000e+00
 449.766400    214.601    213.111   4.336647    14.8089    35.4959 3341.95000 200517.000 12031020.0  0.000e+00
 449.767095    214.588    213.097   4.336601    14.8067    35.4974 3341.96667 200518.000 12031080.0  0.000e+00
 449.767789    214.634    213.143   4.336303    14.8051    35.4962 3341.98333 200519.000 12031140.0  0.000e+00
 449.768484    214.601    213.111   4.336037    14.8054    35.4935 3342.00000 200520.000 12031200.0  0.000e+00
 449.769178    214.645    213.154   4.335898    14.7990    35.4980 3342.01667 200521.000 12031260.0  0.000e+00
 449.769873    214.623    213.132   4.335427    14.7975    35.4951 3342.03333 200522.000 12031320.0  0.000e+00
 449.770567    214.632    213.141   4.335467    14.7983    35.4947 3342.05000 200523.000 12031380.0  0.000e+00
 449.771262    214.645    213.154   4.335361    14.8002    35.4920 3342.06667 200524.000 12031440.0  0.000e+00
 449.771956    214.645    213.154   4.335533    14.8056    35.4886 3342.08333 200525.000 12031500.0  0.000e+00
 449.772650    214.667    213.176   4.335825    14.8038    35.4930 3342.10000 200526.000 12031560.0  0.000e+00
 449.773345    214.656    213.165   4.335918    14.8048    35.4929 3342.11667 200527.000 12031620.0  0.000e+00
 449.774039    214.667    213.176   4.335891    14.8045    35.4929 3342.13333 200528.000 12031680.0  0.000e+00
 449.774734    214.689    213.197   4.335852    14.8042    35.4928 3342.15000 200529.000 12031740.0  0.000e+00
 449.775428    214.686    213.195   4.335805    14.8042    35.4924 3342.16667 200530.000 12031800.0  0.000e+00
 449.776123    214.678    213.187   4.335732    14.8030    35.4928 3342.18333 200531.000 12031860.0  0.000e+00
 449.776817    214.689    213.197   4.335666    14.8026    35.4926 3342.20000 200532.000 12031920.0  0.000e+00
 449.777512    214.667    213.176   4.335679    14.8029    35.4924 3342.21667 200533.000 12031980.0  0.000e+00
 449.778206    214.645    213.154   4.335613    14.8017    35.4929 3342.23333 200534.000 12032040.0  0.000e+00
 449.778900    214.678    213.187   4.335799    14.8069    35.4899 3342.25000 200535.000 12032100.0  0.000e+00
 449.779595    214.623    213.132   4.336130    14.8104    35.4898 3342.26667 200536.000 12032160.0  0.000e+00
 449.780289    214.623    213.132   4.336482    14.8089    35.4944 3342.28333 200537.000 12032220.0  0.000e+00
 449.780984    214.612    213.121   4.336621    14.8114    35.4934 3342.30000 200538.000 12032280.0  0.000e+00
 449.781678    214.580    213.089   4.336608    14.8097    35.4948 3342.31667 200539.000 12032340.0  0.000e+00
 449.782373    214.612    213.121   4.336296    14.8018    35.4991 3342.33333 200540.000 12032400.0  0.000e+00
 449.783067    214.601    213.111   4.335176    14.7787    35.5099 3342.35000 200541.000 12032460.0  0.000e+00
 449.783762    214.601    213.111   4.335109    14.7820    35.5062 3342.36667 200542.000 12032520.0  0.000e+00
 449.784456    214.591    213.100   4.333631    14.7726    35.5013 3342.38333 200543.000 12032580.0  0.000e+00
 449.785150    214.580    213.089   4.332471    14.7576    35.5043 3342.40000 200544.000 12032640.0  0.000e+00
 449.785845    214.582    213.091   4.331178    14.7557    35.4942 3342.41667 200545.000 12032700.0  0.000e+00
 449.786539    214.547    213.056   4.330396    14.7458    35.4961 3342.43333 200546.000 12032760.0  0.000e+00
 449.787234    214.582    213.091   4.328938    14.7358    35.4918 3342.45000 200547.000 12032820.0  0.000e+00
 449.787928    214.563    213.072   4.329051    14.7414    35.4877 3342.46667 200548.000 12032880.0  0.000e+00
 449.788623    214.549    213.059   4.329972    14.7529    35.4857 3342.48333 200549.000 12032940.0  0.000e+00
 449.789317    214.527    213.037   4.329925    14.7484    35.4894 3342.50000 200550.000 12033000.0  0.000e+00
 449.790012    214.538    213.048   4.330296    14.7487    35.4925 3342.51667 200551.000 12033060.0  0.000e+00
 449.790706    214.527    213.037   4.330038    14.7490    35.4899 3342.53333 200552.000 12033120.0  0.000e+00
 449.791400    214.506    213.015   4.330018    14.7555    35.4838 3342.55000 200553.000 12033180.0  0.000e+00
 449.792095    214.519    213.029   4.330038    14.7553    35.4842 3342.56667 200554.000 12033240.0  0.000e+00
 449.792789    214.486    212.996   4.331430    14.7647    35.4883 3342.58333 200555.000 12033300.0  0.000e+00
 449.793484    214.484    212.994   4.332404    14.7756    35.4873 3342.60000 200556.000 12033360.0  0.000e+00
 449.794178    214.495    213.005   4.333664    14.7842    35.4910 3342.61667 200557.000 12033420.0  0.000e+00
 449.794873    214.492    213.002   4.334632    14.7854    35.4988 3342.63333 200558.000 12033480.0  0.000e+00
 449.795567    214.495    213.005   4.335480    14.7944    35.4984 3342.65000 200559.000 12033540.0  0.000e+00
 449.796262    214.503    213.013   4.335228    14.7956    35.4950 3342.66667 200560.000 12033600.0  0.000e+00
 449.796956    214.525    213.035   4.336130    14.8126    35.4878 3342.68333 200561.000 12033660.0  0.000e+00
 449.797650    214.527    213.037   4.337350    14.8277    35.4852 3342.70000 200562.000 12033720.0  0.000e+00
 449.798345    214.547    213.056   4.339141    14.8405    35.4900 3342.71667 200563.000 12033780.0  0.000e+00
 449.799039    214.555    213.065   4.339937    14.8412    35.4966 3342.73333 200564.000 12033840.0  0.000e+00
 449.799734    214.558    213.067   4.340196    14.8400    35.5001 3342.75000 200565.000 12033900.0  0.000e+00
 449.800428    214.580    213.089   4.340388    14.8411    35.5009 3342.76667 200566.000 12033960.0  0.000e+00
 449.801123    214.558    213.067   4.340282    14.8415    35.4995 3342.78333 200567.000 12034020.0  0.000e+00
 449.801817    214.588    213.097   4.340415    14.8414    35.5008 3342.80000 200568.000 12034080.0  0.000e+00
 449.802512    214.577    213.086   4.340229    14.8425    35.4980 3342.81667 200569.000 12034140.0  0.000e+00
 449.803206    214.566    213.076   4.340202    14.8402    35.5000 3342.83333 200570.000 12034200.0  0.000e+00
 449.803900    214.555    213.065   4.340355    14.8448    35.4972 3342.85000 200571.000 12034260.0  0.000e+00
 449.804595    214.569    213.078   4.340660    14.8477    35.4973 3342.86667 200572.000 12034320.0  0.000e+00
 449.805289    214.577    213.086   4.340634    14.8446    35.4999 3342.88333 200573.000 12034380.0  0.000e+00
 449.805984    214.601    213.111   4.340494    14.8462    35.4971 3342.90000 200574.000 12034440.0  0.000e+00
 449.806678    214.588    213.097   4.340090    14.8499    35.4900 3342.91667 200575.000 12034500.0  0.000e+00
 449.807373    214.586    213.095   4.340448    14.8495    35.4937 3342.93333 200576.000 12034560.0  0.000e+00
 449.808067    214.610    213.119   4.340468    14.8488    35.4946 3342.95000 200577.000 12034620.0  0.000e+00
 449.808762    214.654    213.162   4.340567    14.8515    35.4930 3342.96667 200578.000 12034680.0  0.000e+00
