FUNDEIO/20813/SBE37SM-RS232_03720813_2021_04_05.cnv
* Sea-Bird SBE37SM-RS232  Data File:
* FileName = C:\Users\Oceanpact\Desktop\CTD_FA_04_20813\SBE37SM-RS232_03720813_2021_04_05.hex
* Software version SeatermV2 2.8.0.119
* Temperature SN = 20813
* Conductivity SN = 20813
* System UpLoad Time = Apr 05 2021 13:47:34
* sample interval = 60 seconds
* <ApplicationData>
# nquan = 10
# nvalues = 217507                                
# units = specified
# name 0 = timeJ: Julian Days
# name 1 = prdM: Pressure, Strain Gauge [db]
# name 2 = depSM: Depth [salt water, m], lat = -25.00
# name 3 = cond0S/m: Conductivity [S/m]
# name 4 = tv290C: Temperature [ITS-90, deg C]
# name 5 = sal00: Salinity, Practical [PSU]
# name 6 = timeH: Time, Elapsed [hours]
# name 7 = timeM: Time, Elapsed [minutes]
# name 8 = timeS: Time, Elapsed [seconds]
# name 9 = flag:  0.000e+00
# span 0 = 310.518484, 461.564317                 
# span 1 =     -0.148,    252.356                 
# span 2 =     -0.147,    250.580                 
# span 3 =   0.000066,   5.922944                 
# span 4 =    13.6387,    27.7097                 
# span 5 =     0.0101,    37.3455                 
# span 6 =    0.00000, 3625.10000                 
# span 7 =     0.0000, 217506.000                 
# span 8 =      0.000, 13050360.0                 
# span 9 = 0.0000e+00, 0.0000e+00                 
# interval = seconds: 60
# start_time = Nov 05 2020 12:26:37 [Instrument's time stamp, first data scan]
# bad_flag = -9.990e-29
*END*
[from data line 12973]
 456.316400    212.656    211.179   4.385815    15.2254    35.5667 3499.15000 209949.000 12596940.0  0.000e+00
 456.317095    212.614    211.138   4.385581    15.2240    35.5659 3499.16667 209950.000 12597000.0  0.000e+00
 456.317789    212.603    211.127   4.385322    15.2178    35.5692 3499.18333 209951.000 12597060.0  0.000e+00
 456.318484    212.625    211.149   4.385035    15.2080    35.5754 3499.20000 209952.000 12597120.0  0.000e+00
 456.319178    212.601    211.125   4.384529    15.2015    35.5768 3499.21667 209953.000 12597180.0  0.000e+00
 456.319873    212.592    211.117   4.383823    15.1950    35.5762 3499.23333 209954.000 12597240.0  0.000e+00
 456.320567    212.592    211.117   4.383030    15.1804    35.5823 3499.25000 209955.000 12597300.0  0.000e+00
 456.321262    212.592    211.117   4.382091    15.1780    35.5759 3499.26667 209956.000 12597360.0  0.000e+00
 456.321956    212.562    211.086   4.381019    15.1750    35.5689 3499.28333 209957.000 12597420.0  0.000e+00
 456.322650    212.540    211.065   4.380319    15.1694    35.5676 3499.30000 209958.000 12597480.0  0.000e+00
 456.323345    212.540    211.065   4.379834    15.1466    35.5839 3499.31667 209959.000 12597540.0  0.000e+00
 456.324039    212.540    211.065   4.378908    15.1317    35.5890 3499.33333 209960.000 12597600.0  0.000e+00
 456.324734    212.518    211.043   4.377663    15.1305    35.5788 3499.35000 209961.000 12597660.0  0.000e+00
 456.325428    212.507    211.032   4.376698    15.1290    35.5713 3499.36667 209962.000 12597720.0  0.000e+00
 456.326123    212.496    211.021   4.375506    15.1284    35.5611 3499.38333 209963.000 12597780.0  0.000e+00
 456.326817    212.475    211.000   4.374834    15.1168    35.5655 3499.40000 209964.000 12597840.0  0.000e+00
 456.327512    212.486    211.010   4.374042    15.1101    35.5644 3499.41667 209965.000 12597900.0  0.000e+00
 456.328206    212.455    210.980   4.372884    15.1113    35.5527 3499.43333 209966.000 12597960.0  0.000e+00
 456.328900    212.466    210.991   4.372604    15.1174    35.5447 3499.45000 209967.000 12598020.0  0.000e+00
 456.329595    212.466    210.991   4.372498    15.1184    35.5427 3499.46667 209968.000 12598080.0  0.000e+00
 456.330289    212.466    210.991   4.372637    15.1217    35.5411 3499.48333 209969.000 12598140.0  0.000e+00
 456.330984    212.453    210.978   4.372877    15.1257    35.5396 3499.50000 209970.000 12598200.0  0.000e+00
 456.331678    212.433    210.959   4.373183    15.1302    35.5383 3499.51667 209971.000 12598260.0  0.000e+00
 456.332373    212.433    210.959   4.373522    15.1327    35.5391 3499.53333 209972.000 12598320.0  0.000e+00
 456.333067    212.431    210.956   4.373962    15.1335    35.5424 3499.55000 209973.000 12598380.0  0.000e+00
 456.333762    212.431    210.956   4.374248    15.1336    35.5450 3499.56667 209974.000 12598440.0  0.000e+00
 456.334456    212.422    210.948   4.374434    15.1344    35.5459 3499.58333 209975.000 12598500.0  0.000e+00
 456.335150    212.411    210.937   4.374614    15.1353    35.5467 3499.60000 209976.000 12598560.0  0.000e+00
 456.335845    212.387    210.913   4.374774    15.1336    35.5498 3499.61667 209977.000 12598620.0  0.000e+00
 456.336539    212.379    210.904   4.374740    15.1328    35.5501 3499.63333 209978.000 12598680.0  0.000e+00
 456.337234    212.376    210.902   4.374601    15.1289    35.5524 3499.65000 209979.000 12598740.0  0.000e+00
 456.337928    212.376    210.902   4.374394    15.1259    35.5533 3499.66667 209980.000 12598800.0  0.000e+00
 456.338623    212.335    210.861   4.374055    15.1218    35.5539 3499.68333 209981.000 12598860.0  0.000e+00
 456.339317    212.376    210.902   4.373735    15.1223    35.5505 3499.70000 209982.000 12598920.0  0.000e+00
 456.340012    212.357    210.883   4.373549    15.1223    35.5488 3499.71667 209983.000 12598980.0  0.000e+00
 456.340706    212.335    210.861   4.373463    15.1234    35.5471 3499.73333 209984.000 12599040.0  0.000e+00
 456.341400    212.346    210.872   4.373549    15.1293    35.5425 3499.75000 209985.000 12599100.0  0.000e+00
 456.342095    212.302    210.828   4.374008    15.1357    35.5409 3499.76667 209986.000 12599160.0  0.000e+00
 456.342789    212.302    210.828   4.374461    15.1394    35.5417 3499.78333 209987.000 12599220.0  0.000e+00
 456.343484    212.311    210.837   4.374893    15.1455    35.5400 3499.80000 209988.000 12599280.0  0.000e+00
 456.344178    212.291    210.818   4.375432    15.1589    35.5328 3499.81667 209989.000 12599340.0  0.000e+00
 456.344873    212.289    210.815   4.376264    15.1626    35.5370 3499.83333 209990.000 12599400.0  0.000e+00
 456.345567    212.278    210.804   4.376963    15.1784    35.5290 3499.85000 209991.000 12599460.0  0.000e+00
 456.346262    212.278    210.804   4.377975    15.1887    35.5288 3499.86667 209992.000 12599520.0  0.000e+00
 456.346956    212.256    210.783   4.378947    15.1949    35.5321 3499.88333 209993.000 12599580.0  0.000e+00
 456.347650    212.223    210.750   4.379853    15.2000    35.5357 3499.90000 209994.000 12599640.0  0.000e+00
 456.348345    212.254    210.780   4.380712    15.2022    35.5416 3499.91667 209995.000 12599700.0  0.000e+00
 456.349039    212.254    210.780   4.381258    15.2025    35.5462 3499.93333 209996.000 12599760.0  0.000e+00
 456.349734    212.201    210.728   4.381691    15.2021    35.5506 3499.95000 209997.000 12599820.0  0.000e+00
 456.350428    212.210    210.737   4.381984    15.2030    35.5523 3499.96667 209998.000 12599880.0  0.000e+00
 456.351123    212.210    210.737   4.382177    15.2027    35.5545 3499.98333 209999.000 12599940.0  0.000e+00
 456.351817    212.210    210.737   4.382230    15.2005    35.5569 3500.00000 210000.000 12600000.0  0.000e+00
 456.352512    212.199    210.726   4.382224    15.1979    35.5592 3500.01667 210001.000 12600060.0  0.000e+00
 456.353206    212.177    210.704   4.382177    15.1955    35.5610 3500.03333 210002.000 12600120.0  0.000e+00
 456.353900    212.212    210.739   4.382044    15.1925    35.5625 3500.05000 210003.000 12600180.0  0.000e+00
 456.354595    212.201    210.728   4.381818    15.1745    35.5768 3500.06667 210004.000 12600240.0  0.000e+00
 456.355289    212.179    210.707   4.381298    15.1690    35.5770 3500.08333 210005.000 12600300.0  0.000e+00
 456.355984    212.177    210.704   4.380672    15.1674    35.5728 3500.10000 210006.000 12600360.0  0.000e+00
 456.356678    212.169    210.696   4.380106    15.1666    35.5684 3500.11667 210007.000 12600420.0  0.000e+00
 456.357373    212.166    210.693   4.379660    15.1679    35.5631 3500.13333 210008.000 12600480.0  0.000e+00
 456.358067    212.169    210.696   4.379440    15.1741    35.5555 3500.15000 210009.000 12600540.0  0.000e+00
 456.358762    212.166    210.693   4.379520    15.1887    35.5429 3500.16667 210010.000 12600600.0  0.000e+00
 456.359456    212.166    210.693   4.379939    15.1986    35.5378 3500.18333 210011.000 12600660.0  0.000e+00
 456.360150    212.166    210.693   4.380492    15.2060    35.5361 3500.20000 210012.000 12600720.0  0.000e+00
 456.360845    212.144    210.672   4.381105    15.2092    35.5388 3500.21667 210013.000 12600780.0  0.000e+00
 456.361539    212.169    210.696   4.381691    15.2111    35.5424 3500.23333 210014.000 12600840.0  0.000e+00
 456.362234    212.177    210.704   4.382177    15.2147    35.5435 3500.25000 210015.000 12600900.0  0.000e+00
 456.362928    212.125    210.652   4.382616    15.2202    35.5426 3500.26667 210016.000 12600960.0  0.000e+00
 456.363623    212.144    210.672   4.383063    15.2262    35.5412 3500.28333 210017.000 12601020.0  0.000e+00
 456.364317    212.133    210.661   4.383542    15.2311    35.5411 3500.30000 210018.000 12601080.0  0.000e+00
 456.365012    212.122    210.650   4.384129    15.2300    35.5474 3500.31667 210019.000 12601140.0  0.000e+00
 456.365706    212.122    210.650   4.384642    15.2289    35.5531 3500.33333 210020.000 12601200.0  0.000e+00
 456.366400    212.133    210.661   4.384935    15.2273    35.5572 3500.35000 210021.000 12601260.0  0.000e+00
 456.367095    212.153    210.680   4.385115    15.2266    35.5595 3500.36667 210022.000 12601320.0  0.000e+00
 456.367789    212.122    210.650   4.385181    15.2253    35.5613 3500.38333 210023.000 12601380.0  0.000e+00
 456.368484    212.142    210.669   4.385175    15.2235    35.5628 3500.40000 210024.000 12601440.0  0.000e+00
 456.369178    212.133    210.661   4.385108    15.2214    35.5642 3500.41667 210025.000 12601500.0  0.000e+00
 456.369873    212.111    210.639   4.385002    15.2186    35.5657 3500.43333 210026.000 12601560.0  0.000e+00
 456.370567    212.109    210.637   4.384855    15.2187    35.5643 3500.45000 210027.000 12601620.0  0.000e+00
 456.371262    212.111    210.639   4.384715    15.2181    35.5636 3500.46667 210028.000 12601680.0  0.000e+00
 456.371956    212.122    210.650   4.384608    15.2208    35.5601 3500.48333 210029.000 12601740.0  0.000e+00
 456.372650    212.098    210.626   4.384595    15.2243    35.5568 3500.50000 210030.000 12601800.0  0.000e+00
 456.373345    212.101    210.628   4.384708    15.2252    35.5571 3500.51667 210031.000 12601860.0  0.000e+00
 456.374039    212.098    210.626   4.384801    15.2277    35.5556 3500.53333 210032.000 12601920.0  0.000e+00
 456.374734    212.101    210.628   4.384975    15.2300    35.5551 3500.55000 210033.000 12601980.0  0.000e+00
 456.375428    212.101    210.628   4.385161    15.2320    35.5550 3500.56667 210034.000 12602040.0  0.000e+00
 456.376123    212.090    210.617   4.385381    15.2338    35.5554 3500.58333 210035.000 12602100.0  0.000e+00
 456.376817    212.090    210.617   4.385568    15.2357    35.5554 3500.60000 210036.000 12602160.0  0.000e+00
 456.377512    212.079    210.607   4.385841    15.2487    35.5461 3500.61667 210037.000 12602220.0  0.000e+00
 456.378206    212.065    210.593   4.386467    15.2749    35.5280 3500.63333 210038.000 12602280.0  0.000e+00
 456.378900    212.101    210.628   4.387772    15.3208    35.4983 3500.65000 210039.000 12602340.0  0.000e+00
 456.379595    212.076    210.604   4.389745    15.3344    35.5038 3500.66667 210040.000 12602400.0  0.000e+00
 456.380289    212.065    210.593   4.391725    15.3505    35.5073 3500.68333 210041.000 12602460.0  0.000e+00
 456.380984    212.063    210.591   4.393638    15.3682    35.5086 3500.70000 210042.000 12602520.0  0.000e+00
 456.381678    212.041    210.569   4.395478    15.3931    35.5027 3500.71667 210043.000 12602580.0  0.000e+00
 456.382373    212.052    210.580   4.397706    15.4161    35.5022 3500.73333 210044.000 12602640.0  0.000e+00
 456.383067    212.039    210.567   4.400341    15.4346    35.5092 3500.75000 210045.000 12602700.0  0.000e+00
 456.383762    212.071    210.599   4.402897    15.4237    35.5422 3500.76667 210046.000 12602760.0  0.000e+00
 456.384456    212.047    210.575   4.404499    15.4025    35.5759 3500.78333 210047.000 12602820.0  0.000e+00
 456.385150    212.036    210.565   4.405073    15.3860    35.5960 3500.80000 210048.000 12602880.0  0.000e+00
 456.385845    212.045    210.573   4.404740    15.3711    35.6065 3500.81667 210049.000 12602940.0  0.000e+00
 456.386539    212.036    210.565   4.403966    15.3555    35.6136 3500.83333 210050.000 12603000.0  0.000e+00
 456.387234    212.047    210.575   4.402998    15.3455    35.6139 3500.85000 210051.000 12603060.0  0.000e+00
 456.387928    212.028    210.556   4.401997    15.3466    35.6039 3500.86667 210052.000 12603120.0  0.000e+00
 456.388623    212.017    210.545   4.401169    15.3462    35.5968 3500.88333 210053.000 12603180.0  0.000e+00
 456.389317    212.041    210.569   4.400602    15.3557    35.5830 3500.90000 210054.000 12603240.0  0.000e+00
 456.390012    212.028    210.556   4.400362    15.3582    35.5786 3500.91667 210055.000 12603300.0  0.000e+00
 456.390706    212.006    210.534   4.400375    15.3736    35.5648 3500.93333 210056.000 12603360.0  0.000e+00
 456.391400    212.008    210.537   4.400782    15.3867    35.5566 3500.95000 210057.000 12603420.0  0.000e+00
 456.392095    212.028    210.556   4.401509    15.3966    35.5542 3500.96667 210058.000 12603480.0  0.000e+00
 456.392789    212.006    210.534   4.402396    15.4112    35.5490 3500.98333 210059.000 12603540.0  0.000e+00
 456.393484    212.004    210.532   4.403444    15.4298    35.5417 3501.00000 210060.000 12603600.0  0.000e+00
 456.394178    211.995    210.524   4.404692    15.4432    35.5409 3501.01667 210061.000 12603660.0  0.000e+00
 456.394873    211.984    210.513   4.406000    15.4473    35.5490 3501.03333 210062.000 12603720.0  0.000e+00
 456.395567    211.982    210.510   4.407089    15.4531    35.5535 3501.05000 210063.000 12603780.0  0.000e+00
 456.396262    211.979    210.508   4.407983    15.4570    35.5581 3501.06667 210064.000 12603840.0  0.000e+00
 456.396956    211.993    210.521   4.408818    15.4651    35.5584 3501.08333 210065.000 12603900.0  0.000e+00
 456.397650    211.979    210.508   4.409706    15.4735    35.5588 3501.10000 210066.000 12603960.0  0.000e+00
 456.398345    211.957    210.486   4.410587    15.4801    35.5608 3501.11667 210067.000 12604020.0  0.000e+00
 456.399039    211.979    210.508   4.411583    15.4880    35.5626 3501.13333 210068.000 12604080.0  0.000e+00
 456.399734    211.947    210.475   4.412491    15.4833    35.5751 3501.15000 210069.000 12604140.0  0.000e+00
 456.400428    211.979    210.508   4.413046    15.4774    35.5854 3501.16667 210070.000 12604200.0  0.000e+00
 456.401123    211.960    210.489   4.413072    15.4771    35.5860 3501.18333 210071.000 12604260.0  0.000e+00
 456.401817    211.947    210.475   4.413066    15.4800    35.5833 3501.20000 210072.000 12604320.0  0.000e+00
 456.402512    211.957    210.486   4.413246    15.4851    35.5803 3501.21667 210073.000 12604380.0  0.000e+00
 456.403206    211.947    210.475   4.413626    15.5035    35.5671 3501.23333 210074.000 12604440.0  0.000e+00
 456.403900    211.947    210.475   4.414548    15.5318    35.5499 3501.25000 210075.000 12604500.0  0.000e+00
 456.404595    211.936    210.465   4.416065    15.5506    35.5466 3501.26667 210076.000 12604560.0  0.000e+00
 456.405289    211.933    210.462   4.417642    15.5580    35.5541 3501.28333 210077.000 12604620.0  0.000e+00
 456.405984    211.944    210.473   4.419058    15.5778    35.5491 3501.30000 210078.000 12604680.0  0.000e+00
 456.406678    211.933    210.462   4.420562    15.5909    35.5508 3501.31667 210079.000 12604740.0  0.000e+00
 456.407373    211.920    210.449   4.421846    15.5959    35.5578 3501.33333 210080.000 12604800.0  0.000e+00
 456.408067    211.942    210.471   4.423210    15.6028    35.5639 3501.35000 210081.000 12604860.0  0.000e+00
 456.408762    211.931    210.460   4.424761    15.6134    35.5683 3501.36667 210082.000 12604920.0  0.000e+00
 456.409456    211.918    210.447   4.426386    15.6226    35.5747 3501.38333 210083.000 12604980.0  0.000e+00
 456.410150    211.920    210.449   4.427784    15.6269    35.5834 3501.40000 210084.000 12605040.0  0.000e+00
 456.410845    211.920    210.449   4.428982    15.6431    35.5796 3501.41667 210085.000 12605100.0  0.000e+00
 456.411539    211.909    210.438   4.430373    15.6420    35.5931 3501.43333 210086.000 12605160.0  0.000e+00
 456.412234    211.920    210.449   4.431544    15.6634    35.5843 3501.45000 210087.000 12605220.0  0.000e+00
 456.412928    211.918    210.447   4.432870    15.6478    35.6104 3501.46667 210088.000 12605280.0  0.000e+00
 456.413623    211.904    210.434   4.433264    15.6540    35.6083 3501.48333 210089.000 12605340.0  0.000e+00
 456.414317    211.907    210.436   4.433338    15.6456    35.6165 3501.50000 210090.000 12605400.0  0.000e+00
 456.415012    211.904    210.434   4.432970    15.6227    35.6339 3501.51667 210091.000 12605460.0  0.000e+00
 456.415706    211.915    210.444   4.432080    15.6199    35.6284 3501.53333 210092.000 12605520.0  0.000e+00
