FUNDEIO/20813/SBE37SM-RS232_03720813_2021_04_05.cnv
* Sea-Bird SBE37SM-RS232  Data File:
* FileName = C:\Users\Oceanpact\Desktop\CTD_FA_04_20813\SBE37SM-RS232_03720813_2021_04_05.hex
* Software version SeatermV2 2.8.0.119
* Temperature SN = 20813
* Conductivity SN = 20813
* System UpLoad Time = Apr 05 2021 13:47:34
* sample interval = 60 seconds
* <ApplicationData>
# nquan = 10
# nvalues = 217507                                
# units = specified
# name 0 = timeJ: Julian Days
# name 1 = prdM: Pressure, Strain Gauge [db]
# name 2 = depSM: Depth [salt water, m], lat = -25.00
# name 3 = cond0S/m: Conductivity [S/m]
# name 4 = tv290C: Temperature [ITS-90, deg C]
# name 5 = sal00: Salinity, Practical [PSU]
# name 6 = timeH: Time, Elapsed [hours]
# name 7 = timeM: Time, Elapsed [minutes]
# name 8 = timeS: Time, Elapsed [seconds]
# name 9 = flag:  0.000e+00
# span 0 = 310.518484, 461.564317                 
# span 1 =     -0.148,    252.356                 
# span 2 =     -0.147,    250.580                 
# span 3 =   0.000066,   5.922944                 
# span 4 =    13.6387,    27.7097                 
# span 5 =     0.0101,    37.3455                 
# span 6 =    0.00000, 3625.10000                 
# span 7 =     0.0000, 217506.000                 
# span 8 =      0.000, 13050360.0                 
# span 9 = 0.0000e+00, 0.0000e+00                 
# interval = seconds: 60
# start_time = Nov 05 2020 12:26:37 [Instrument's time stamp, first data scan]
# bad_flag = -9.990e-29
*END*
[from data line 4613]
 450.510845    212.284    210.810   4.334505    14.7858    35.4982 3359.81667 201589.000 12095340.0  0.000e+00
 450.511539    212.273    210.800   4.334432    14.7961    35.4882 3359.83333 201590.000 12095400.0  0.000e+00
 450.512234    212.295    210.821   4.335128    14.7937    35.4967 3359.85000 201591.000 12095460.0  0.000e+00
 450.512928    212.273    210.800   4.335161    14.7942    35.4966 3359.86667 201592.000 12095520.0  0.000e+00
 450.513623    212.260    210.786   4.335387    14.7954    35.4976 3359.88333 201593.000 12095580.0  0.000e+00
 450.514317    212.293    210.819   4.335373    14.7964    35.4965 3359.90000 201594.000 12095640.0  0.000e+00
 450.515012    212.298    210.824   4.335559    14.7969    35.4978 3359.91667 201595.000 12095700.0  0.000e+00
 450.515706    212.317    210.843   4.335433    14.7955    35.4979 3359.93333 201596.000 12095760.0  0.000e+00
 450.516400    212.306    210.832   4.335373    14.7954    35.4974 3359.95000 201597.000 12095820.0  0.000e+00
 450.517095    212.287    210.813   4.335267    14.7894    35.5019 3359.96667 201598.000 12095880.0  0.000e+00
 450.517789    212.303    210.830   4.334492    14.7832    35.5004 3359.98333 201599.000 12095940.0  0.000e+00
 450.518484    212.328    210.854   4.334140    14.7817    35.4986 3360.00000 201600.000 12096000.0  0.000e+00
 450.519178    212.339    210.865   4.333709    14.7767    35.4992 3360.01667 201601.000 12096060.0  0.000e+00
 450.519873    212.330    210.856   4.333152    14.7741    35.4965 3360.03333 201602.000 12096120.0  0.000e+00
 450.520567    212.330    210.856   4.333013    14.7742    35.4951 3360.05000 201603.000 12096180.0  0.000e+00
 450.521262    212.317    210.843   4.333159    14.7785    35.4925 3360.06667 201604.000 12096240.0  0.000e+00
 450.521956    212.328    210.854   4.333497    14.7808    35.4935 3360.08333 201605.000 12096300.0  0.000e+00
 450.522650    212.341    210.867   4.332920    14.7690    35.4990 3360.10000 201606.000 12096360.0  0.000e+00
 450.523345    212.317    210.843   4.332450    14.7670    35.4965 3360.11667 201607.000 12096420.0  0.000e+00
 450.524039    212.308    210.835   4.332231    14.7650    35.4963 3360.13333 201608.000 12096480.0  0.000e+00
 450.524734    212.306    210.832   4.332072    14.7643    35.4955 3360.15000 201609.000 12096540.0  0.000e+00
 450.525428    212.284    210.810   4.331979    14.7641    35.4948 3360.16667 201610.000 12096600.0  0.000e+00
 450.526123    212.295    210.821   4.331959    14.7643    35.4944 3360.18333 201611.000 12096660.0  0.000e+00
 450.526817    212.295    210.821   4.331966    14.7648    35.4941 3360.20000 201612.000 12096720.0  0.000e+00
 450.527512    212.287    210.813   4.331913    14.7624    35.4958 3360.21667 201613.000 12096780.0  0.000e+00
 450.528206    212.306    210.832   4.331740    14.7611    35.4954 3360.23333 201614.000 12096840.0  0.000e+00
 450.528900    212.273    210.800   4.331634    14.7597    35.4957 3360.25000 201615.000 12096900.0  0.000e+00
 450.529595    212.298    210.824   4.331389    14.7587    35.4943 3360.26667 201616.000 12096960.0  0.000e+00
 450.530289    212.284    210.810   4.331303    14.7564    35.4956 3360.28333 201617.000 12097020.0  0.000e+00
 450.530984    212.308    210.835   4.331131    14.7563    35.4942 3360.30000 201618.000 12097080.0  0.000e+00
 450.531678    212.308    210.835   4.330832    14.7515    35.4958 3360.31667 201619.000 12097140.0  0.000e+00
 450.532373    212.298    210.824   4.330581    14.7509    35.4940 3360.33333 201620.000 12097200.0  0.000e+00
 450.533067    212.328    210.854   4.330514    14.7464    35.4975 3360.35000 201621.000 12097260.0  0.000e+00
 450.533762    212.330    210.856   4.330474    14.7520    35.4921 3360.36667 201622.000 12097320.0  0.000e+00
 450.534456    212.319    210.846   4.330163    14.7499    35.4911 3360.38333 201623.000 12097380.0  0.000e+00
 450.535150    212.341    210.867   4.330183    14.7463    35.4946 3360.40000 201624.000 12097440.0  0.000e+00
 450.535845    212.366    210.891   4.330793    14.7580    35.4895 3360.41667 201625.000 12097500.0  0.000e+00
 450.536539    212.330    210.856   4.331356    14.7624    35.4907 3360.43333 201626.000 12097560.0  0.000e+00
 450.537234    212.330    210.856   4.331793    14.7621    35.4950 3360.45000 201627.000 12097620.0  0.000e+00
 450.537928    212.339    210.865   4.331972    14.7655    35.4935 3360.46667 201628.000 12097680.0  0.000e+00
 450.538623    212.350    210.876   4.332509    14.7708    35.4935 3360.48333 201629.000 12097740.0  0.000e+00
 450.539317    212.339    210.865   4.332410    14.7662    35.4968 3360.50000 201630.000 12097800.0  0.000e+00
 450.540012    212.308    210.835   4.332423    14.7669    35.4963 3360.51667 201631.000 12097860.0  0.000e+00
 450.540706    212.319    210.846   4.332516    14.7701    35.4943 3360.53333 201632.000 12097920.0  0.000e+00
 450.541400    212.341    210.867   4.332821    14.7716    35.4957 3360.55000 201633.000 12097980.0  0.000e+00
 450.542095    212.328    210.854   4.332834    14.7709    35.4964 3360.56667 201634.000 12098040.0  0.000e+00
 450.542789    212.319    210.846   4.332947    14.7716    35.4968 3360.58333 201635.000 12098100.0  0.000e+00
 450.543484    212.306    210.832   4.332907    14.7744    35.4940 3360.60000 201636.000 12098160.0  0.000e+00
 450.544178    212.339    210.865   4.333106    14.7745    35.4956 3360.61667 201637.000 12098220.0  0.000e+00
 450.544873    212.306    210.832   4.333192    14.7748    35.4962 3360.63333 201638.000 12098280.0  0.000e+00
 450.545567    212.308    210.835   4.333205    14.7751    35.4961 3360.65000 201639.000 12098340.0  0.000e+00
 450.546262    212.295    210.821   4.333186    14.7737    35.4971 3360.66667 201640.000 12098400.0  0.000e+00
 450.546956    212.284    210.810   4.333265    14.7756    35.4961 3360.68333 201641.000 12098460.0  0.000e+00
 450.547650    212.273    210.800   4.333186    14.7729    35.4979 3360.70000 201642.000 12098520.0  0.000e+00
 450.548345    212.262    210.789   4.332648    14.7720    35.4938 3360.71667 201643.000 12098580.0  0.000e+00
 450.549039    212.265    210.791   4.332953    14.7761    35.4928 3360.73333 201644.000 12098640.0  0.000e+00
 450.549734    212.240    210.767   4.333305    14.7740    35.4980 3360.75000 201645.000 12098700.0  0.000e+00
 450.550428    212.221    210.748   4.333066    14.7712    35.4984 3360.76667 201646.000 12098760.0  0.000e+00
 450.551123    212.251    210.778   4.332576    14.7633    35.5011 3360.78333 201647.000 12098820.0  0.000e+00
 450.551817    212.243    210.770   4.332092    14.7632    35.4967 3360.80000 201648.000 12098880.0  0.000e+00
 450.552512    212.251    210.778   4.331939    14.7543    35.5034 3360.81667 201649.000 12098940.0  0.000e+00
 450.553206    212.243    210.770   4.330965    14.7482    35.5000 3360.83333 201650.000 12099000.0  0.000e+00
 450.553900    212.240    210.767   4.330786    14.7578    35.4897 3360.85000 201651.000 12099060.0  0.000e+00
 450.554595    212.218    210.745   4.331667    14.7600    35.4957 3360.86667 201652.000 12099120.0  0.000e+00
 450.555289    212.232    210.759   4.331522    14.7582    35.4961 3360.88333 201653.000 12099180.0  0.000e+00
 450.555984    212.208    210.735   4.330819    14.7424    35.5040 3360.90000 201654.000 12099240.0  0.000e+00
 450.556678    212.221    210.748   4.329838    14.7404    35.4968 3360.91667 201655.000 12099300.0  0.000e+00
 450.557373    212.243    210.770   4.329765    14.7510    35.4865 3360.93333 201656.000 12099360.0  0.000e+00
 450.558067    212.218    210.745   4.329991    14.7460    35.4931 3360.95000 201657.000 12099420.0  0.000e+00
 450.558762    212.221    210.748   4.330064    14.7496    35.4905 3360.96667 201658.000 12099480.0  0.000e+00
 450.559456    212.199    210.726   4.330348    14.7538    35.4893 3360.98333 201659.000 12099540.0  0.000e+00
 450.560150    212.208    210.735   4.330633    14.7539    35.4918 3361.00000 201660.000 12099600.0  0.000e+00
 450.560845    212.188    210.715   4.330726    14.7525    35.4939 3361.01667 201661.000 12099660.0  0.000e+00
 450.561539    212.208    210.735   4.330581    14.7445    35.4999 3361.03333 201662.000 12099720.0  0.000e+00
 450.562234    212.199    210.726   4.330514    14.7357    35.5073 3361.05000 201663.000 12099780.0  0.000e+00
 450.562928    212.199    210.726   4.330521    14.7528    35.4917 3361.06667 201664.000 12099840.0  0.000e+00
 450.563623    212.210    210.737   4.331184    14.7493    35.5010 3361.08333 201665.000 12099900.0  0.000e+00
 450.564317    212.188    210.715   4.330441    14.7510    35.4927 3361.10000 201666.000 12099960.0  0.000e+00
 450.565012    212.197    210.724   4.330687    14.7542    35.4921 3361.11667 201667.000 12100020.0  0.000e+00
 450.565706    212.177    210.704   4.330899    14.7476    35.5000 3361.13333 201668.000 12100080.0  0.000e+00
 450.566400    212.210    210.737   4.330899    14.7520    35.4960 3361.15000 201669.000 12100140.0  0.000e+00
 450.567095    212.188    210.715   4.330693    14.7545    35.4918 3361.16667 201670.000 12100200.0  0.000e+00
 450.567789    212.210    210.737   4.330627    14.7602    35.4860 3361.18333 201671.000 12100260.0  0.000e+00
 450.568484    212.199    210.726   4.331555    14.7634    35.4916 3361.20000 201672.000 12100320.0  0.000e+00
 450.569178    212.188    210.715   4.332907    14.7686    35.4993 3361.21667 201673.000 12100380.0  0.000e+00
 450.569873    212.188    210.715   4.332503    14.7654    35.4984 3361.23333 201674.000 12100440.0  0.000e+00
 450.570567    212.175    210.702   4.331979    14.7341    35.5222 3361.25000 201675.000 12100500.0  0.000e+00
 450.571262    212.177    210.704   4.329328    14.7232    35.5078 3361.26667 201676.000 12100560.0  0.000e+00
 450.571956    212.197    210.724   4.328268    14.7263    35.4953 3361.28333 201677.000 12100620.0  0.000e+00
 450.572650    212.197    210.724   4.327877    14.7254    35.4925 3361.30000 201678.000 12100680.0  0.000e+00
 450.573345    212.210    210.737   4.327850    14.7212    35.4960 3361.31667 201679.000 12100740.0  0.000e+00
 450.574039    212.155    210.683   4.327539    14.7216    35.4929 3361.33333 201680.000 12100800.0  0.000e+00
 450.574734    212.188    210.715   4.327360    14.7233    35.4897 3361.35000 201681.000 12100860.0  0.000e+00
 450.575428    212.199    210.726   4.327347    14.7230    35.4898 3361.36667 201682.000 12100920.0  0.000e+00
 450.576123    212.169    210.696   4.327466    14.7269    35.4874 3361.38333 201683.000 12100980.0  0.000e+00
 450.576817    212.177    210.704   4.327731    14.7301    35.4869 3361.40000 201684.000 12101040.0  0.000e+00
 450.577512    212.199    210.726   4.328062    14.7309    35.4891 3361.41667 201685.000 12101100.0  0.000e+00
 450.578206    212.202    210.729   4.328155    14.7298    35.4911 3361.43333 201686.000 12101160.0  0.000e+00
 450.578900    212.210    210.737   4.328201    14.7373    35.4846 3361.45000 201687.000 12101220.0  0.000e+00
 450.579595    212.221    210.748   4.328480    14.7288    35.4949 3361.46667 201688.000 12101280.0  0.000e+00
 450.580289    212.197    210.724   4.328261    14.7271    35.4945 3361.48333 201689.000 12101340.0  0.000e+00
 450.580984    212.210    210.737   4.328566    14.7379    35.4874 3361.50000 201690.000 12101400.0  0.000e+00
 450.581678    212.210    210.737   4.329209    14.7519    35.4806 3361.51667 201691.000 12101460.0  0.000e+00
 450.582373    212.202    210.729   4.329865    14.7580    35.4810 3361.53333 201692.000 12101520.0  0.000e+00
 450.583067    212.221    210.748   4.331409    14.7509    35.5017 3361.55000 201693.000 12101580.0  0.000e+00
 450.583762    212.232    210.759   4.331886    14.7663    35.4920 3361.56667 201694.000 12101640.0  0.000e+00
 450.584456    212.229    210.756   4.332834    14.7753    35.4925 3361.58333 201695.000 12101700.0  0.000e+00
 450.585150    212.240    210.767   4.333689    14.7839    35.4925 3361.60000 201696.000 12101760.0  0.000e+00
 450.585845    212.240    210.767   4.334114    14.7842    35.4961 3361.61667 201697.000 12101820.0  0.000e+00
 450.586539    212.243    210.770   4.334624    14.7884    35.4970 3361.63333 201698.000 12101880.0  0.000e+00
 450.587234    212.243    210.770   4.334969    14.7910    35.4978 3361.65000 201699.000 12101940.0  0.000e+00
 450.587928    212.265    210.791   4.335022    14.7902    35.4990 3361.66667 201700.000 12102000.0  0.000e+00
 450.588623    212.262    210.789   4.337024    14.8137    35.4959 3361.68333 201701.000 12102060.0  0.000e+00
 450.589317    212.229    210.756   4.338457    14.8294    35.4947 3361.70000 201702.000 12102120.0  0.000e+00
 450.590012    212.251    210.778   4.338948    14.8152    35.5122 3361.71667 201703.000 12102180.0  0.000e+00
 450.590706    212.249    210.775   4.338238    14.8151    35.5058 3361.73333 201704.000 12102240.0  0.000e+00
 450.591400    212.216    210.743   4.339299    14.8312    35.5009 3361.75000 201705.000 12102300.0  0.000e+00
 450.592095    212.227    210.754   4.339631    14.8344    35.5010 3361.76667 201706.000 12102360.0  0.000e+00
 450.592789    212.227    210.754   4.340195    14.8393    35.5016 3361.78333 201707.000 12102420.0  0.000e+00
 450.593484    212.240    210.767   4.341110    14.8477    35.5023 3361.80000 201708.000 12102480.0  0.000e+00
 450.594178    212.238    210.765   4.340925    14.8411    35.5067 3361.81667 201709.000 12102540.0  0.000e+00
 450.594873    212.238    210.765   4.340871    14.8487    35.4993 3361.83333 201710.000 12102600.0  0.000e+00
 450.595567    212.216    210.743   4.341223    14.8455    35.5054 3361.85000 201711.000 12102660.0  0.000e+00
 450.596262    212.238    210.765   4.341044    14.8415    35.5074 3361.86667 201712.000 12102720.0  0.000e+00
 450.596956    212.238    210.765   4.340984    14.8429    35.5056 3361.88333 201713.000 12102780.0  0.000e+00
 450.597650    212.249    210.775   4.340898    14.8407    35.5068 3361.90000 201714.000 12102840.0  0.000e+00
 450.598345    212.216    210.743   4.341197    14.8425    35.5079 3361.91667 201715.000 12102900.0  0.000e+00
 450.599039    212.227    210.754   4.341323    14.8435    35.5082 3361.93333 201716.000 12102960.0  0.000e+00
 450.599734    212.260    210.786   4.340679    14.8367    35.5085 3361.95000 201717.000 12103020.0  0.000e+00
 450.600428    212.249    210.775   4.340460    14.8386    35.5047 3361.96667 201718.000 12103080.0  0.000e+00
 450.601123    212.218    210.745   4.340440    14.8279    35.5143 3361.98333 201719.000 12103140.0  0.000e+00
 450.601817    212.238    210.765   4.340129    14.8323    35.5075 3362.00000 201720.000 12103200.0  0.000e+00
 450.602512    212.214    210.740   4.339737    14.8278    35.5080 3362.01667 201721.000 12103260.0  0.000e+00
 450.603206    212.249    210.775   4.339220    14.8214    35.5090 3362.03333 201722.000 12103320.0  0.000e+00
 450.603900    212.249    210.775   4.338616    14.8194    35.5053 3362.05000 201723.000 12103380.0  0.000e+00
 450.604595    212.271    210.797   4.338371    14.8194    35.5031 3362.06667 201724.000 12103440.0  0.000e+00
 450.605289    212.273    210.800   4.338749    14.8271    35.4995 3362.08333 201725.000 12103500.0  0.000e+00
 450.605984    212.271    210.797   4.339293    14.8248    35.5066 3362.10000 201726.000 12103560.0  0.000e+00
 450.606678    212.271    210.797   4.339107    14.8261    35.5037 3362.11667 201727.000 12103620.0  0.000e+00
 450.607373    212.295    210.821   4.339545    14.8297    35.5044 3362.13333 201728.000 12103680.0  0.000e+00
 450.608067    212.273    210.800   4.339571    14.8371    35.4979 3362.15000 201729.000 12103740.0  0.000e+00
 450.608762    212.271    210.797   4.340294    14.8367    35.5050 3362.16667 201730.000 12103800.0  0.000e+00
 450.609456    212.295    210.821   4.340294    14.8335    35.5078 3362.18333 201731.000 12103860.0  0.000e+00
