FUNDEIO/20813/SBE37SM-RS232_03720813_2021_04_05.cnv
* Sea-Bird SBE37SM-RS232  Data File:
* FileName = C:\Users\Oceanpact\Desktop\CTD_FA_04_20813\SBE37SM-RS232_03720813_2021_04_05.hex
* Software version SeatermV2 2.8.0.119
* Temperature SN = 20813
* Conductivity SN = 20813
* System UpLoad Time = Apr 05 2021 13:47:34
* sample interval = 60 seconds
* <ApplicationData>
# nquan = 10
# nvalues = 217507                                
# units = specified
# name 0 = timeJ: Julian Days
# name 1 = prdM: Pressure, Strain Gauge [db]
# name 2 = depSM: Depth [salt water, m], lat = -25.00
# name 3 = cond0S/m: Conductivity [S/m]
# name 4 = tv290C: Temperature [ITS-90, deg C]
# name 5 = sal00: Salinity, Practical [PSU]
# name 6 = timeH: Time, Elapsed [hours]
# name 7 = timeM: Time, Elapsed [minutes]
# name 8 = timeS: Time, Elapsed [seconds]
# name 9 = flag:  0.000e+00
# span 0 = 310.518484, 461.564317                 
# span 1 =     -0.148,    252.356                 
# span 2 =     -0.147,    250.580                 
# span 3 =   0.000066,   5.922944                 
# span 4 =    13.6387,    27.7097                 
# span 5 =     0.0101,    37.3455                 
# span 6 =    0.00000, 3625.10000                 
# span 7 =     0.0000, 217506.000                 
# span 8 =      0.000, 13050360.0                 
# span 9 = 0.0000e+00, 0.0000e+00                 
# interval = seconds: 60
# start_time = Nov 05 2020 12:26:37 [Instrument's time stamp, first data scan]
# bad_flag = -9.990e-29
*END*
[from data line 18163]
 459.920567    211.789    210.319   4.429537    15.6090    35.6154 3585.65000 215139.000 12908340.0  0.000e+00
 459.921262    211.789    210.319   4.429584    15.6093    35.6156 3585.66667 215140.000 12908400.0  0.000e+00
 459.921956    211.819    210.349   4.429578    15.6086    35.6161 3585.68333 215141.000 12908460.0  0.000e+00
 459.922650    211.822    210.351   4.429558    15.6085    35.6160 3585.70000 215142.000 12908520.0  0.000e+00
 459.923345    211.775    210.306   4.429551    15.6085    35.6159 3585.71667 215143.000 12908580.0  0.000e+00
 459.924039    211.811    210.341   4.429517    15.6090    35.6153 3585.73333 215144.000 12908640.0  0.000e+00
 459.924734    211.830    210.360   4.429544    15.6087    35.6157 3585.75000 215145.000 12908700.0  0.000e+00
 459.925428    211.789    210.319   4.429544    15.6081    35.6163 3585.76667 215146.000 12908760.0  0.000e+00
 459.926123    211.797    210.327   4.429504    15.6081    35.6160 3585.78333 215147.000 12908820.0  0.000e+00
 459.926817    211.775    210.306   4.429457    15.6069    35.6166 3585.80000 215148.000 12908880.0  0.000e+00
 459.927512    211.769    210.299   4.429410    15.6068    35.6163 3585.81667 215149.000 12908940.0  0.000e+00
 459.928206    211.830    210.360   4.429377    15.6072    35.6156 3585.83333 215150.000 12909000.0  0.000e+00
 459.928900    211.754    210.284   4.429343    15.6068    35.6157 3585.85000 215151.000 12909060.0  0.000e+00
 459.929595    211.800    210.330   4.429330    15.6059    35.6163 3585.86667 215152.000 12909120.0  0.000e+00
 459.930289    211.765    210.295   4.429297    15.6068    35.6152 3585.88333 215153.000 12909180.0  0.000e+00
 459.930984    211.800    210.330   4.429283    15.6060    35.6158 3585.90000 215154.000 12909240.0  0.000e+00
 459.931678    211.756    210.286   4.429263    15.6061    35.6156 3585.91667 215155.000 12909300.0  0.000e+00
 459.932373    211.795    210.325   4.429243    15.6062    35.6153 3585.93333 215156.000 12909360.0  0.000e+00
 459.933067    211.775    210.306   4.429223    15.6055    35.6158 3585.95000 215157.000 12909420.0  0.000e+00
 459.933762    211.756    210.286   4.429203    15.6055    35.6155 3585.96667 215158.000 12909480.0  0.000e+00
 459.934456    211.841    210.371   4.429170    15.6049    35.6158 3585.98333 215159.000 12909540.0  0.000e+00
 459.935150    211.830    210.360   4.429136    15.6041    35.6162 3586.00000 215160.000 12909600.0  0.000e+00
 459.935845    211.775    210.306   4.429103    15.6040    35.6160 3586.01667 215161.000 12909660.0  0.000e+00
 459.936539    211.754    210.284   4.429062    15.6037    35.6160 3586.03333 215162.000 12909720.0  0.000e+00
 459.937234    211.797    210.327   4.429022    15.6035    35.6157 3586.05000 215163.000 12909780.0  0.000e+00
 459.937928    211.789    210.319   4.428989    15.6029    35.6159 3586.06667 215164.000 12909840.0  0.000e+00
 459.938623    211.811    210.341   4.428942    15.6024    35.6160 3586.08333 215165.000 12909900.0  0.000e+00
 459.939317    211.800    210.330   4.428915    15.6031    35.6151 3586.10000 215166.000 12909960.0  0.000e+00
 459.940012    211.841    210.371   4.428902    15.6026    35.6154 3586.11667 215167.000 12910020.0  0.000e+00
 459.940706    211.775    210.306   4.428875    15.6025    35.6153 3586.13333 215168.000 12910080.0  0.000e+00
 459.941400    211.754    210.284   4.428835    15.6024    35.6150 3586.15000 215169.000 12910140.0  0.000e+00
 459.942095    211.819    210.349   4.428802    15.6022    35.6149 3586.16667 215170.000 12910200.0  0.000e+00
 459.942789    211.786    210.317   4.428788    15.6015    35.6155 3586.18333 215171.000 12910260.0  0.000e+00
 459.943484    211.819    210.349   4.428748    15.5992    35.6171 3586.20000 215172.000 12910320.0  0.000e+00
 459.944178    211.786    210.317   4.428688    15.5993    35.6165 3586.21667 215173.000 12910380.0  0.000e+00
 459.944873    211.786    210.317   4.428634    15.5998    35.6155 3586.23333 215174.000 12910440.0  0.000e+00
 459.945567    211.786    210.317   4.428567    15.5975    35.6171 3586.25000 215175.000 12910500.0  0.000e+00
 459.946262    211.789    210.319   4.428440    15.5932    35.6198 3586.26667 215176.000 12910560.0  0.000e+00
 459.946956    211.797    210.327   4.428220    15.5929    35.6181 3586.28333 215177.000 12910620.0  0.000e+00
 459.947650    211.830    210.360   4.428059    15.5912    35.6181 3586.30000 215178.000 12910680.0  0.000e+00
 459.948345    211.789    210.319   4.427885    15.5908    35.6170 3586.31667 215179.000 12910740.0  0.000e+00
 459.949039    211.822    210.351   4.427778    15.5859    35.6204 3586.33333 215180.000 12910800.0  0.000e+00
 459.949734    211.775    210.306   4.427457    15.5670    35.6346 3586.35000 215181.000 12910860.0  0.000e+00
 459.950428    211.822    210.351   4.426421    15.5565    35.6348 3586.36667 215182.000 12910920.0  0.000e+00
 459.951123    211.800    210.330   4.425377    15.5541    35.6275 3586.38333 215183.000 12910980.0  0.000e+00
 459.951817    211.822    210.351   4.424227    15.5338    35.6355 3586.40000 215184.000 12911040.0  0.000e+00
 459.952512    211.813    210.343   4.422790    15.5243    35.6311 3586.41667 215185.000 12911100.0  0.000e+00
 459.953206    211.791    210.321   4.421225    15.5045    35.6349 3586.43333 215186.000 12911160.0  0.000e+00
 459.953900    211.780    210.310   4.420229    15.4943    35.6351 3586.45000 215187.000 12911220.0  0.000e+00
 459.954595    211.791    210.321   4.418979    15.5219    35.5989 3586.46667 215188.000 12911280.0  0.000e+00
 459.955289    211.791    210.321   4.419935    15.5433    35.5881 3586.48333 215189.000 12911340.0  0.000e+00
 459.955984    211.846    210.375   4.421298    15.5537    35.5910 3586.50000 215190.000 12911400.0  0.000e+00
 459.956678    211.780    210.310   4.422896    15.5830    35.5790 3586.51667 215191.000 12911460.0  0.000e+00
 459.957373    211.791    210.321   4.425176    15.5906    35.5927 3586.53333 215192.000 12911520.0  0.000e+00
 459.958067    211.822    210.351   4.426367    15.5980    35.5967 3586.55000 215193.000 12911580.0  0.000e+00
 459.958762    211.800    210.330   4.427564    15.6007    35.6051 3586.56667 215194.000 12911640.0  0.000e+00
 459.959456    211.789    210.319   4.428052    15.6014    35.6089 3586.58333 215195.000 12911700.0  0.000e+00
 459.960150    211.811    210.341   4.428367    15.6020    35.6112 3586.60000 215196.000 12911760.0  0.000e+00
 459.960845    211.800    210.330   4.428547    15.6024    35.6124 3586.61667 215197.000 12911820.0  0.000e+00
 459.961539    211.830    210.360   4.428634    15.6026    35.6130 3586.63333 215198.000 12911880.0  0.000e+00
 459.962234    211.819    210.349   4.428748    15.6037    35.6131 3586.65000 215199.000 12911940.0  0.000e+00
 459.962928    211.832    210.362   4.428848    15.6025    35.6150 3586.66667 215200.000 12912000.0  0.000e+00
 459.963623    211.822    210.351   4.428862    15.6021    35.6155 3586.68333 215201.000 12912060.0  0.000e+00
 459.964317    211.797    210.327   4.428808    15.6000    35.6170 3586.70000 215202.000 12912120.0  0.000e+00
 459.965012    211.789    210.319   4.428701    15.5993    35.6166 3586.71667 215203.000 12912180.0  0.000e+00
 459.965706    211.797    210.327   4.428614    15.5990    35.6161 3586.73333 215204.000 12912240.0  0.000e+00
 459.966400    211.841    210.371   4.428467    15.5982    35.6155 3586.75000 215205.000 12912300.0  0.000e+00
 459.967095    211.830    210.360   4.428394    15.5987    35.6144 3586.76667 215206.000 12912360.0  0.000e+00
 459.967789    211.819    210.349   4.428387    15.5989    35.6141 3586.78333 215207.000 12912420.0  0.000e+00
 459.968484    211.811    210.341   4.428400    15.5986    35.6145 3586.80000 215208.000 12912480.0  0.000e+00
 459.969178    211.843    210.373   4.428400    15.5993    35.6139 3586.81667 215209.000 12912540.0  0.000e+00
 459.969873    211.800    210.330   4.428394    15.5990    35.6141 3586.83333 215210.000 12912600.0  0.000e+00
 459.970567    211.852    210.382   4.428400    15.5998    35.6135 3586.85000 215211.000 12912660.0  0.000e+00
 459.971262    211.819    210.349   4.428400    15.5971    35.6159 3586.86667 215212.000 12912720.0  0.000e+00
 459.971956    211.811    210.341   4.428293    15.5929    35.6187 3586.88333 215213.000 12912780.0  0.000e+00
 459.972650    211.841    210.371   4.428086    15.5805    35.6280 3586.90000 215214.000 12912840.0  0.000e+00
 459.973345    211.800    210.330   4.427337    15.5506    35.6483 3586.91667 215215.000 12912900.0  0.000e+00
 459.974039    211.808    210.338   4.425244    15.5244    35.6532 3586.93333 215216.000 12912960.0  0.000e+00
 459.974734    211.789    210.319   4.422516    15.4758    35.6726 3586.95000 215217.000 12913020.0  0.000e+00
 459.975428    211.789    210.319   4.418739    15.4642    35.6489 3586.96667 215218.000 12913080.0  0.000e+00
 459.976123    211.815    210.345   4.415611    15.4730    35.6127 3586.98333 215219.000 12913140.0  0.000e+00
 459.976817    211.826    210.356   4.414783    15.4717    35.6064 3587.00000 215220.000 12913200.0  0.000e+00
 459.977512    211.804    210.334   4.414676    15.4827    35.5955 3587.01667 215221.000 12913260.0  0.000e+00
 459.978206    211.783    210.313   4.415644    15.5210    35.5696 3587.03333 215222.000 12913320.0  0.000e+00
 459.978900    211.826    210.356   4.420308    15.5698    35.5676 3587.05000 215223.000 12913380.0  0.000e+00
 459.979595    211.824    210.354   4.423798    15.5929    35.5782 3587.06667 215224.000 12913440.0  0.000e+00
 459.980289    211.791    210.321   4.427222    15.6191    35.5855 3587.08333 215225.000 12913500.0  0.000e+00
 459.980984    211.854    210.384   4.432433    15.7343    35.5285 3587.10000 215226.000 12913560.0  0.000e+00
 459.981678    211.843    210.373   4.440889    15.7660    35.5759 3587.11667 215227.000 12913620.0  0.000e+00
 459.982373    211.797    210.327   4.447656    15.8013    35.6049 3587.13333 215228.000 12913680.0  0.000e+00
 459.983067    211.850    210.379   4.451255    15.8248    35.6160 3587.15000 215229.000 12913740.0  0.000e+00
 459.983762    211.825    210.355   4.453749    15.8447    35.6205 3587.16667 215230.000 12913800.0  0.000e+00
 459.984456    211.812    210.342   4.456090    15.8488    35.6378 3587.18333 215231.000 12913860.0  0.000e+00
 459.985150    211.845    210.375   4.456955    15.8511    35.6435 3587.20000 215232.000 12913920.0  0.000e+00
 459.985845    211.865    210.394   4.457405    15.8531    35.6457 3587.21667 215233.000 12913980.0  0.000e+00
 459.986539    211.845    210.375   4.457687    15.8509    35.6502 3587.23333 215234.000 12914040.0  0.000e+00
 459.987234    211.865    210.394   4.457801    15.8456    35.6560 3587.25000 215235.000 12914100.0  0.000e+00
 459.987928    211.895    210.424   4.457586    15.8400    35.6591 3587.26667 215236.000 12914160.0  0.000e+00
 459.988623    211.875    210.405   4.457177    15.8358    35.6592 3587.28333 215237.000 12914220.0  0.000e+00
 459.989317    211.873    210.403   4.456580    15.8277    35.6611 3587.30000 215238.000 12914280.0  0.000e+00
 459.990012    211.908    210.437   4.455990    15.8115    35.6704 3587.31667 215239.000 12914340.0  0.000e+00
 459.990706    211.865    210.394   4.454890    15.8006    35.6704 3587.33333 215240.000 12914400.0  0.000e+00
 459.991400    211.832    210.362   4.453542    15.7948    35.6636 3587.35000 215241.000 12914460.0  0.000e+00
 459.992095    211.886    210.416   4.452470    15.7730    35.6736 3587.36667 215242.000 12914520.0  0.000e+00
 459.992789    211.900    210.429   4.451109    15.7649    35.6686 3587.38333 215243.000 12914580.0  0.000e+00
 459.993484    211.919    210.448   4.449761    15.7584    35.6625 3587.40000 215244.000 12914640.0  0.000e+00
 459.994178    211.900    210.429   4.448380    15.7551    35.6530 3587.41667 215245.000 12914700.0  0.000e+00
 459.994873    211.900    210.429   4.447657    15.7550    35.6466 3587.43333 215246.000 12914760.0  0.000e+00
 459.995567    211.878    210.407   4.447040    15.7544    35.6416 3587.45000 215247.000 12914820.0  0.000e+00
 459.996262    211.922    210.451   4.446732    15.7586    35.6350 3587.46667 215248.000 12914880.0  0.000e+00
 459.996956    211.913    210.442   4.446805    15.7578    35.6364 3587.48333 215249.000 12914940.0  0.000e+00
 459.997650    211.869    210.399   4.447053    15.7604    35.6363 3587.50000 215250.000 12915000.0  0.000e+00
 459.998345    211.943    210.472   4.447315    15.7653    35.6343 3587.51667 215251.000 12915060.0  0.000e+00
 459.999039    211.889    210.418   4.447951    15.7754    35.6309 3587.53333 215252.000 12915120.0  0.000e+00
 459.999734    211.891    210.420   4.449191    15.7873    35.6312 3587.55000 215253.000 12915180.0  0.000e+00
 460.000428    211.900    210.429   4.450277    15.7942    35.6348 3587.56667 215254.000 12915240.0  0.000e+00
 460.001123    211.935    210.464   4.450733    15.7952    35.6379 3587.58333 215255.000 12915300.0  0.000e+00
 460.001817    211.954    210.483   4.451061    15.7956    35.6406 3587.60000 215256.000 12915360.0  0.000e+00
 460.002512    211.943    210.472   4.451182    15.7937    35.6433 3587.61667 215257.000 12915420.0  0.000e+00
 460.003206    211.965    210.494   4.451175    15.7908    35.6459 3587.63333 215258.000 12915480.0  0.000e+00
 460.003900    211.943    210.472   4.450968    15.7680    35.6646 3587.65000 215259.000 12915540.0  0.000e+00
 460.004595    212.029    210.557   4.450083    15.7562    35.6673 3587.66667 215260.000 12915600.0  0.000e+00
 460.005289    212.020    210.548   4.449037    15.7480    35.6653 3587.68333 215261.000 12915660.0  0.000e+00
 460.005984    211.987    210.516   4.447858    15.7408    35.6612 3587.70000 215262.000 12915720.0  0.000e+00
 460.006678    211.998    210.527   4.446518    15.7273    35.6613 3587.71667 215263.000 12915780.0  0.000e+00
 460.007373    211.976    210.505   4.445318    15.7021    35.6733 3587.73333 215264.000 12915840.0  0.000e+00
 460.008067    212.031    210.559   4.443798    15.6828    35.6770 3587.75000 215265.000 12915900.0  0.000e+00
 460.008762    211.989    210.518   4.441320    15.6482    35.6861 3587.76667 215266.000 12915960.0  0.000e+00
 460.009456    211.981    210.509   4.438554    15.6329    35.6749 3587.78333 215267.000 12916020.0  0.000e+00
 460.010150    212.016    210.544   4.436116    15.6362    35.6500 3587.80000 215268.000 12916080.0  0.000e+00
 460.010845    211.972    210.501   4.435600    15.6776    35.6080 3587.81667 215269.000 12916140.0  0.000e+00
 460.011539    211.948    210.477   4.437950    15.7161    35.5944 3587.83333 215270.000 12916200.0  0.000e+00
 460.012234    211.959    210.488   4.441198    15.7358    35.6058 3587.85000 215271.000 12916260.0  0.000e+00
 460.012928    211.893    210.423   4.443643    15.7418    35.6224 3587.86667 215272.000 12916320.0  0.000e+00
 460.013623    211.935    210.464   4.444748    15.7484    35.6264 3587.88333 215273.000 12916380.0  0.000e+00
 460.014317    211.954    210.483   4.445653    15.7527    35.6306 3587.90000 215274.000 12916440.0  0.000e+00
 460.015012    211.970    210.499   4.446062    15.7541    35.6330 3587.91667 215275.000 12916500.0  0.000e+00
 460.015706    211.946    210.475   4.446645    15.7581    35.6347 3587.93333 215276.000 12916560.0  0.000e+00
 460.016400    211.943    210.472   4.447703    15.7712    35.6323 3587.95000 215277.000 12916620.0  0.000e+00
 460.017095    212.011    210.540   4.449271    15.8038    35.6171 3587.96667 215278.000 12916680.0  0.000e+00
 460.017789    211.987    210.516   4.452475    15.8438    35.6098 3587.98333 215279.000 12916740.0  0.000e+00
 460.018484    211.976    210.505   4.456399    15.8513    35.6382 3588.00000 215280.000 12916800.0  0.000e+00
 460.019178    211.996    210.524   4.457546    15.8598    35.6408 3588.01667 215281.000 12916860.0  0.000e+00
