PRÉ RECOLHIMENTO/19Plus/SBE19plus_01907424_2021_04_05_0001.cnv
* Sea-Bird SBE19plus  Data File:
* FileName = C:\Users\Oceanpact\Desktop\CTD_FA_04_PRÉ\SBE19plus_01907424_2021_04_05_0001.hex
* Software version 2.8.0.119
* Temperature SN = 7424
* Conductivity SN = 7424
* System UpLoad Time = Apr 05 2021 11:24:24
* <ApplicationData>
* <Seaterm232>
# nquan = 10
# nvalues = 13908                                 
# units = specified
# name 0 = timeJ: Julian Days
# name 1 = prdM: Pressure, Strain Gauge [db]
# name 2 = depSM: Depth [salt water, m], lat = -24.00
# name 3 = c0S/m: Conductivity [S/m]
# name 4 = tv290C: Temperature [ITS-90, deg C]
# name 5 = sal00: Salinity, Practical [PSU]
# name 6 = timeH: Time, Elapsed [hours]
# name 7 = timeM: Time, Elapsed [minutes]
# name 8 = timeS: Time, Elapsed [seconds]
# name 9 = flag:  0.000e+00
# span 0 =  95.427998,  95.468238                 
# span 1 =      0.562,   1069.550                 
# span 2 =      0.559,   1060.017                 
# span 3 =   0.008580,   5.942421                 
# span 4 =     3.9073,    27.6330                 
# span 5 =     0.0473,    39.7899                 
# span 6 =    0.00000,    0.96576                 
# span 7 =     0.0000,    57.9458                 
# span 8 =      0.000,   3476.750                 
# span 9 = 0.0000e+00, 0.0000e+00                 
# interval = seconds: 0.25
# start_time = Apr 05 2021 10:16:19 [Instrument's time stamp, header]
# bad_flag = -9.990e-29
*END*
[from data line 12541]
  95.464285    233.191    231.577   4.257330    14.3528    35.1730    0.87090    52.2542   3135.250  0.000e+00
  95.464288    233.083    231.470   4.257224    14.3588    35.1667    0.87097    52.2583   3135.500  0.000e+00
  95.464291    232.943    231.331   4.257175    14.3521    35.1724    0.87104    52.2625   3135.750  0.000e+00
  95.464294    232.739    231.128   4.256395    14.3399    35.1763    0.87111    52.2667   3136.000  0.000e+00
  95.464297    232.599    230.989   4.256684    14.3280    35.1899    0.87118    52.2708   3136.250  0.000e+00
  95.464300    232.599    230.989   4.262721    14.3197    35.2533    0.87125    52.2750   3136.500  0.000e+00
  95.464303    232.663    231.053   4.268009    14.3329    35.2902    0.87132    52.2792   3136.750  0.000e+00
  95.464306    232.749    231.138   4.268452    14.3607    35.2689    0.87139    52.2833   3137.000  0.000e+00
  95.464308    232.868    231.256   4.268375    14.3837    35.2472    0.87146    52.2875   3137.250  0.000e+00
  95.464311    232.975    231.362   4.269613    14.3990    35.2446    0.87153    52.2917   3137.500  0.000e+00
  95.464314    233.137    231.523   4.269978    14.4088    35.2391    0.87160    52.2958   3137.750  0.000e+00
  95.464317    233.298    231.683   4.270211    14.4154    35.2351    0.87167    52.3000   3138.000  0.000e+00
  95.464320    233.449    231.833   4.270154    14.4199    35.2305    0.87174    52.3042   3138.250  0.000e+00
  95.464323    233.600    231.983   4.269591    14.4229    35.2225    0.87181    52.3083   3138.500  0.000e+00
  95.464326    233.708    232.090   4.267987    14.4240    35.2067    0.87187    52.3125   3138.750  0.000e+00
  95.464329    233.773    232.154   4.265877    14.4235    35.1876    0.87194    52.3167   3139.000  0.000e+00
  95.464332    233.794    232.175   4.266433    14.4226    35.1936    0.87201    52.3208   3139.250  0.000e+00
  95.464334    233.783    232.165   4.267003    14.4167    35.2041    0.87208    52.3250   3139.500  0.000e+00
  95.464337    233.773    232.154   4.266897    14.4087    35.2104    0.87215    52.3292   3139.750  0.000e+00
  95.464340    233.729    232.111   4.266539    14.4028    35.2125    0.87222    52.3333   3140.000  0.000e+00
  95.464343    233.675    232.058   4.265948    14.3984    35.2111    0.87229    52.3375   3140.250  0.000e+00
  95.464346    233.643    232.025   4.264499    14.3950    35.2008    0.87236    52.3417   3140.500  0.000e+00
  95.464349    233.643    232.025   4.264654    14.3927    35.2043    0.87243    52.3458   3140.750  0.000e+00
  95.464352    233.654    232.036   4.265505    14.3903    35.2143    0.87250    52.3500   3141.000  0.000e+00
  95.464355    233.708    232.090   4.267313    14.3892    35.2320    0.87257    52.3542   3141.250  0.000e+00
  95.464358    233.859    232.239   4.269303    14.3920    35.2479    0.87264    52.3583   3141.500  0.000e+00
  95.464361    234.009    232.389   4.270260    14.3994    35.2499    0.87271    52.3625   3141.750  0.000e+00
  95.464363    234.225    232.603   4.270753    14.4077    35.2468    0.87278    52.3667   3142.000  0.000e+00
  95.464366    234.472    232.849   4.269887    14.4142    35.2328    0.87285    52.3708   3142.250  0.000e+00
  95.464369    234.731    233.105   4.267728    14.4152    35.2118    0.87292    52.3750   3142.500  0.000e+00
  95.464372    234.882    233.255   4.266898    14.4089    35.2099    0.87299    52.3792   3142.750  0.000e+00
  95.464375    234.914    233.287   4.268734    14.4003    35.2346    0.87306    52.3833   3143.000  0.000e+00
  95.464378    234.828    233.201   4.268840    14.3952    35.2403    0.87313    52.3875   3143.250  0.000e+00
  95.464381    234.601    232.976   4.268403    14.3952    35.2363    0.87319    52.3917   3143.500  0.000e+00
  95.464384    234.310    232.688   4.267693    14.3960    35.2291    0.87326    52.3958   3143.750  0.000e+00
  95.464387    233.933    232.313   4.267678    14.3955    35.2296    0.87333    52.4000   3144.000  0.000e+00
  95.464389    233.481    231.864   4.267854    14.3937    35.2331    0.87340    52.4042   3144.250  0.000e+00
  95.464392    232.974    231.362   4.267186    14.3923    35.2283    0.87347    52.4083   3144.500  0.000e+00
  95.464395    232.435    230.827   4.265631    14.3905    35.2159    0.87354    52.4125   3144.750  0.000e+00
  95.464398    231.854    230.249   4.265631    14.3881    35.2183    0.87361    52.4167   3145.000  0.000e+00
  95.464401    231.283    229.682   4.266904    14.3864    35.2318    0.87368    52.4208   3145.250  0.000e+00
  95.464404    230.711    229.116   4.269119    14.3883    35.2508    0.87375    52.4250   3145.500  0.000e+00
  95.464407    230.151    228.559   4.270751    14.3964    35.2587    0.87382    52.4292   3145.750  0.000e+00
  95.464410    229.655    228.067   4.271940    14.4071    35.2601    0.87389    52.4333   3146.000  0.000e+00
  95.464413    229.192    227.608   4.272636    14.4175    35.2573    0.87396    52.4375   3146.250  0.000e+00
  95.464416    228.815    227.233   4.273699    14.4272    35.2585    0.87403    52.4417   3146.500  0.000e+00
  95.464418    228.470    226.891   4.274790    14.4367    35.2600    0.87410    52.4458   3146.750  0.000e+00
  95.464421    228.179    226.602   4.276472    14.4474    35.2660    0.87417    52.4500   3147.000  0.000e+00
  95.464424    227.932    226.357   4.277274    14.4595    35.2625    0.87424    52.4542   3147.250  0.000e+00
  95.464427    227.684    226.110   4.277844    14.4724    35.2561    0.87431    52.4583   3147.500  0.000e+00
  95.464430    227.425    225.854   4.277612    14.4845    35.2431    0.87438    52.4625   3147.750  0.000e+00
  95.464433    227.145    225.576   4.275591    14.4933    35.2165    0.87444    52.4667   3148.000  0.000e+00
  95.464436    226.832    225.265   4.274246    14.4983    35.1997    0.87451    52.4708   3148.250  0.000e+00
  95.464439    226.466    224.902   4.277069    14.5019    35.2226    0.87458    52.4750   3148.500  0.000e+00
  95.464442    226.067    224.506   4.279406    14.5018    35.2444    0.87465    52.4792   3148.750  0.000e+00
  95.464444    225.647    224.089   4.276857    14.4956    35.2267    0.87472    52.4833   3149.000  0.000e+00
  95.464447    225.248    223.693   4.275301    14.4884    35.2191    0.87479    52.4875   3149.250  0.000e+00
  95.464450    224.817    223.265   4.276209    14.4831    35.2324    0.87486    52.4917   3149.500  0.000e+00
  95.464453    224.397    222.848   4.281942    14.4851    35.2837    0.87493    52.4958   3149.750  0.000e+00
  95.464456    224.009    222.463   4.287162    14.5039    35.3149    0.87500    52.5000   3150.000  0.000e+00
  95.464459    223.653    222.110   4.289424    14.5308    35.3114    0.87507    52.5042   3150.250  0.000e+00
  95.464462    223.319    221.778   4.290953    14.5567    35.3021    0.87514    52.5083   3150.500  0.000e+00
  95.464465    222.995    221.457   4.291538    14.5776    35.2885    0.87521    52.5125   3150.750  0.000e+00
  95.464468    222.737    221.200   4.292694    14.5937    35.2846    0.87528    52.5167   3151.000  0.000e+00
  95.464470    222.489    220.954   4.293843    14.6072    35.2831    0.87535    52.5208   3151.250  0.000e+00
  95.464473    222.241    220.708   4.294337    14.6189    35.2771    0.87542    52.5250   3151.500  0.000e+00
  95.464476    222.079    220.548   4.294647    14.6290    35.2709    0.87549    52.5292   3151.750  0.000e+00
  95.464479    221.918    220.387   4.294703    14.6371    35.2641    0.87556    52.5333   3152.000  0.000e+00
  95.464482    221.745    220.216   4.294520    14.6432    35.2569    0.87562    52.5375   3152.250  0.000e+00
  95.464485    221.594    220.066   4.293998    14.6477    35.2481    0.87569    52.5417   3152.500  0.000e+00
  95.464488    221.421    219.895   4.293137    14.6508    35.2375    0.87576    52.5458   3152.750  0.000e+00
  95.464491    221.217    219.691   4.292298    14.6530    35.2278    0.87583    52.5500   3153.000  0.000e+00
  95.464494    221.022    219.499   4.291346    14.6540    35.2182    0.87590    52.5542   3153.250  0.000e+00
  95.464497    220.807    219.285   4.289182    14.6540    35.1984    0.87597    52.5583   3153.500  0.000e+00
  95.464499    220.527    219.007   4.290429    14.6530    35.2109    0.87604    52.5625   3153.750  0.000e+00
  95.464502    220.236    218.718   4.294723    14.6518    35.2516    0.87611    52.5667   3154.000  0.000e+00
  95.464505    219.912    218.397   4.296861    14.6444    35.2781    0.87618    52.5708   3154.250  0.000e+00
  95.464508    219.567    218.055   4.298166    14.6427    35.2918    0.87625    52.5750   3154.500  0.000e+00
  95.464511    219.158    217.648   4.297439    14.6462    35.2821    0.87632    52.5792   3154.750  0.000e+00
  95.464514    218.684    217.178   4.293891    14.6479    35.2481    0.87639    52.5833   3155.000  0.000e+00
  95.464517    218.264    216.760   4.291705    14.6485    35.2277    0.87646    52.5875   3155.250  0.000e+00
  95.464520    217.800    216.300   4.292649    14.6461    35.2387    0.87653    52.5917   3155.500  0.000e+00
  95.464523    217.369    215.873   4.297276    14.6432    35.2840    0.87660    52.5958   3155.750  0.000e+00
  95.464525    216.949    215.455   4.302808    14.6532    35.3260    0.87667    52.6000   3156.000  0.000e+00
  95.464528    216.604    215.113   4.307354    14.6739    35.3491    0.87674    52.6042   3156.250  0.000e+00
  95.464531    216.378    214.888   4.311168    14.7009    35.3597    0.87681    52.6083   3156.500  0.000e+00
  95.464534    216.291    214.803   4.312898    14.7319    35.3474    0.87687    52.6125   3156.750  0.000e+00
  95.464537    216.335    214.846   4.315774    14.7608    35.3475    0.87694    52.6167   3157.000  0.000e+00
  95.464540    216.432    214.942   4.316403    14.7830    35.3331    0.87701    52.6208   3157.250  0.000e+00
  95.464543    216.593    215.102   4.317795    14.8000    35.3304    0.87708    52.6250   3157.500  0.000e+00
  95.464546    216.841    215.348   4.317845    14.8120    35.3198    0.87715    52.6292   3157.750  0.000e+00
  95.464549    217.164    215.669   4.317166    14.8183    35.3078    0.87722    52.6333   3158.000  0.000e+00
  95.464552    217.401    215.904   4.316693    14.8193    35.3024    0.87729    52.6375   3158.250  0.000e+00
  95.464554    217.649    216.150   4.316615    14.8183    35.3026    0.87736    52.6417   3158.500  0.000e+00
  95.464557    217.778    216.279   4.314679    14.8174    35.2855    0.87743    52.6458   3158.750  0.000e+00
  95.464560    217.821    216.321   4.314884    14.8161    35.2886    0.87750    52.6500   3159.000  0.000e+00
  95.464563    217.821    216.321   4.314149    14.8123    35.2853    0.87757    52.6542   3159.250  0.000e+00
  95.464566    217.778    216.278   4.313046    14.8045    35.2824    0.87764    52.6583   3159.500  0.000e+00
  95.464569    217.789    216.289   4.313054    14.7982    35.2881    0.87771    52.6625   3159.750  0.000e+00
  95.464572    217.810    216.310   4.312898    14.7947    35.2899    0.87778    52.6667   3160.000  0.000e+00
  95.464575    217.875    216.374   4.313209    14.7927    35.2945    0.87785    52.6708   3160.250  0.000e+00
  95.464578    217.961    216.460   4.313471    14.7924    35.2971    0.87792    52.6750   3160.500  0.000e+00
  95.464580    218.047    216.546   4.313471    14.7925    35.2969    0.87799    52.6792   3160.750  0.000e+00
  95.464583    218.166    216.663   4.313442    14.7945    35.2948    0.87806    52.6833   3161.000  0.000e+00
  95.464586    218.273    216.770   4.314149    14.7974    35.2987    0.87813    52.6875   3161.250  0.000e+00
  95.464589    218.381    216.877   4.314071    14.8005    35.2951    0.87819    52.6917   3161.500  0.000e+00
  95.464592    218.478    216.973   4.314283    14.8030    35.2947    0.87826    52.6958   3161.750  0.000e+00
  95.464595    218.564    217.059   4.313499    14.8048    35.2859    0.87833    52.7000   3162.000  0.000e+00
  95.464598    218.618    217.112   4.311379    14.8051    35.2661    0.87840    52.7042   3162.250  0.000e+00
  95.464601    218.661    217.155   4.310878    14.8048    35.2619    0.87847    52.7083   3162.500  0.000e+00
  95.464604    218.661    217.155   4.311062    14.8048    35.2635    0.87854    52.7125   3162.750  0.000e+00
  95.464606    218.640    217.134   4.311302    14.7994    35.2706    0.87861    52.7167   3163.000  0.000e+00
  95.464609    218.564    217.059   4.311245    14.7915    35.2773    0.87868    52.7208   3163.250  0.000e+00
  95.464612    218.467    216.962   4.311323    14.7837    35.2851    0.87875    52.7250   3163.500  0.000e+00
  95.464615    218.327    216.823   4.311274    14.7766    35.2911    0.87882    52.7292   3163.750  0.000e+00
  95.464618    218.155    216.652   4.311012    14.7715    35.2934    0.87889    52.7333   3164.000  0.000e+00
  95.464621    217.993    216.492   4.310673    14.7685    35.2931    0.87896    52.7375   3164.250  0.000e+00
  95.464624    217.820    216.320   4.310122    14.7668    35.2896    0.87903    52.7417   3164.500  0.000e+00
  95.464627    217.669    216.171   4.308604    14.7649    35.2775    0.87910    52.7458   3164.750  0.000e+00
  95.464630    217.562    216.064   4.308844    14.7628    35.2817    0.87917    52.7500   3165.000  0.000e+00
  95.464633    217.454    215.957   4.309705    14.7608    35.2914    0.87924    52.7542   3165.250  0.000e+00
  95.464635    217.421    215.925   4.311846    14.7615    35.3104    0.87931    52.7583   3165.500  0.000e+00
  95.464638    217.432    215.935   4.313838    14.7667    35.3240    0.87938    52.7625   3165.750  0.000e+00
  95.464641    217.475    215.978   4.311980    14.7751    35.2993    0.87944    52.7667   3166.000  0.000e+00
  95.464644    217.443    215.946   4.311323    14.7835    35.2857    0.87951    52.7708   3166.250  0.000e+00
  95.464647    217.389    215.892   4.311118    14.7905    35.2775    0.87958    52.7750   3166.500  0.000e+00
  95.464650    217.303    215.807   4.310800    14.7890    35.2760    0.87965    52.7792   3166.750  0.000e+00
  95.464653    217.206    215.710   4.310489    14.7803    35.2810    0.87972    52.7833   3167.000  0.000e+00
  95.464656    217.076    215.582   4.310694    14.7711    35.2913    0.87979    52.7875   3167.250  0.000e+00
  95.464659    216.915    215.421   4.310906    14.7642    35.2996    0.87986    52.7917   3167.500  0.000e+00
  95.464661    216.710    215.218   4.310800    14.7592    35.3032    0.87993    52.7958   3167.750  0.000e+00
  95.464664    216.429    214.940   4.310750    14.7569    35.3050    0.88000    52.8000   3168.000  0.000e+00
  95.464667    216.095    214.608   4.311485    14.7554    35.3132    0.88007    52.8042   3168.250  0.000e+00
  95.464670    215.718    214.234   4.312368    14.7553    35.3215    0.88014    52.8083   3168.500  0.000e+00
  95.464673    215.308    213.827   4.312686    14.7562    35.3238    0.88021    52.8125   3168.750  0.000e+00
  95.464676    214.834    213.356   4.312106    14.7580    35.3170    0.88028    52.8167   3169.000  0.000e+00
  95.464679    214.360    212.886   4.309492    14.7587    35.2926    0.88035    52.8208   3169.250  0.000e+00
  95.464682    213.875    212.404   4.309287    14.7573    35.2922    0.88042    52.8250   3169.500  0.000e+00
  95.464685    213.401    211.933   4.310566    14.7566    35.3048    0.88049    52.8292   3169.750  0.000e+00
  95.464687    212.916    211.452   4.315462    14.7641    35.3430    0.88056    52.8333   3170.000  0.000e+00
  95.464690    212.431    210.971   4.319441    14.7818    35.3637    0.88062    52.8375   3170.250  0.000e+00
  95.464693    211.989    210.532   4.321541    14.8054    35.3616    0.88069    52.8417   3170.500  0.000e+00
  95.464696    211.558    210.104   4.323563    14.8292    35.3588    0.88076    52.8458   3170.750  0.000e+00
