PRÉ RECOLHIMENTO/19Plus/SBE19plus_01907424_2021_04_05_0001.cnv
* Sea-Bird SBE19plus  Data File:
* FileName = C:\Users\Oceanpact\Desktop\CTD_FA_04_PRÉ\SBE19plus_01907424_2021_04_05_0001.hex
* Software version 2.8.0.119
* Temperature SN = 7424
* Conductivity SN = 7424
* System UpLoad Time = Apr 05 2021 11:24:24
* <ApplicationData>
* <Seaterm232>
# nquan = 10
# nvalues = 13908                                 
# units = specified
# name 0 = timeJ: Julian Days
# name 1 = prdM: Pressure, Strain Gauge [db]
# name 2 = depSM: Depth [salt water, m], lat = -24.00
# name 3 = c0S/m: Conductivity [S/m]
# name 4 = tv290C: Temperature [ITS-90, deg C]
# name 5 = sal00: Salinity, Practical [PSU]
# name 6 = timeH: Time, Elapsed [hours]
# name 7 = timeM: Time, Elapsed [minutes]
# name 8 = timeS: Time, Elapsed [seconds]
# name 9 = flag:  0.000e+00
# span 0 =  95.427998,  95.468238                 
# span 1 =      0.562,   1069.550                 
# span 2 =      0.559,   1060.017                 
# span 3 =   0.008580,   5.942421                 
# span 4 =     3.9073,    27.6330                 
# span 5 =     0.0473,    39.7899                 
# span 6 =    0.00000,    0.96576                 
# span 7 =     0.0000,    57.9458                 
# span 8 =      0.000,   3476.750                 
# span 9 = 0.0000e+00, 0.0000e+00                 
# interval = seconds: 0.25
# start_time = Apr 05 2021 10:16:19 [Instrument's time stamp, header]
# bad_flag = -9.990e-29
*END*
[from data line 6487]
  95.446768    541.259    537.113   3.566383     8.0311    34.1248    0.45049    27.0292   1621.750  0.000e+00
  95.446771    541.775    537.624   3.566332     8.0122    34.1424    0.45056    27.0333   1622.000  0.000e+00
  95.446774    542.269    538.114   3.566084     8.0005    34.1509    0.45063    27.0375   1622.250  0.000e+00
  95.446777    542.742    538.583   3.566019     7.9937    34.1565    0.45069    27.0417   1622.500  0.000e+00
  95.446780    543.129    538.966   3.566365     7.9892    34.1644    0.45076    27.0458   1622.750  0.000e+00
  95.446782    543.451    539.286   3.566417     7.9864    34.1675    0.45083    27.0500   1623.000  0.000e+00
  95.446785    543.709    539.541   3.567487     7.9843    34.1808    0.45090    27.0542   1623.250  0.000e+00
  95.446788    543.914    539.744   3.568733     7.9829    34.1955    0.45097    27.0583   1623.500  0.000e+00
  95.446791    544.075    539.904   3.568315     7.9840    34.1899    0.45104    27.0625   1623.750  0.000e+00
  95.446794    544.182    540.010   3.568720     7.9897    34.1886    0.45111    27.0667   1624.000  0.000e+00
  95.446797    544.268    540.096   3.569189     7.9950    34.1884    0.45118    27.0708   1624.250  0.000e+00
  95.446800    544.322    540.149   3.570344     7.9997    34.1961    0.45125    27.0750   1624.500  0.000e+00
  95.446803    544.397    540.223   3.571153     8.0033    34.2012    0.45132    27.0792   1624.750  0.000e+00
  95.446806    544.526    540.351   3.570363     8.0063    34.1898    0.45139    27.0833   1625.000  0.000e+00
  95.446808    544.720    540.543   3.568752     8.0081    34.1707    0.45146    27.0875   1625.250  0.000e+00
  95.446811    544.881    540.703   3.566567     8.0056    34.1498    0.45153    27.0917   1625.500  0.000e+00
  95.446814    545.107    540.926   3.566026     7.9974    34.1520    0.45160    27.0958   1625.750  0.000e+00
  95.446817    545.365    541.182   3.565929     7.9878    34.1601    0.45167    27.1000   1626.000  0.000e+00
  95.446820    545.601    541.416   3.565538     7.9797    34.1637    0.45174    27.1042   1626.250  0.000e+00
  95.446823    545.806    541.619   3.565512     7.9736    34.1692    0.45181    27.1083   1626.500  0.000e+00
  95.446826    545.967    541.779   3.565805     7.9693    34.1764    0.45188    27.1125   1626.750  0.000e+00
  95.446829    546.107    541.917   3.567996     7.9661    34.2029    0.45194    27.1167   1627.000  0.000e+00
  95.446832    546.182    541.992   3.569079     7.9646    34.2159    0.45201    27.1208   1627.250  0.000e+00
  95.446834    546.203    542.013   3.568936     7.9671    34.2119    0.45208    27.1250   1627.500  0.000e+00
  95.446837    546.193    542.003   3.568590     7.9777    34.1979    0.45215    27.1292   1627.750  0.000e+00
  95.446840    546.139    541.949   3.568798     7.9873    34.1908    0.45222    27.1333   1628.000  0.000e+00
  95.446843    546.064    541.875   3.569353     7.9934    34.1908    0.45229    27.1375   1628.250  0.000e+00
  95.446846    546.042    541.854   3.570299     7.9978    34.1966    0.45236    27.1417   1628.500  0.000e+00
  95.446849    546.021    541.832   3.569764     8.0019    34.1870    0.45243    27.1458   1628.750  0.000e+00
  95.446852    546.075    541.886   3.567813     8.0045    34.1636    0.45250    27.1500   1629.000  0.000e+00
  95.446855    546.193    542.003   3.564775     7.9995    34.1360    0.45257    27.1542   1629.250  0.000e+00
  95.446858    546.429    542.237   3.563295     7.9885    34.1309    0.45264    27.1583   1629.500  0.000e+00
  95.446861    546.763    542.567   3.561471     7.9756    34.1238    0.45271    27.1625   1629.750  0.000e+00
  95.446863    547.192    542.993   3.558604     7.9606    34.1075    0.45278    27.1667   1630.000  0.000e+00
  95.446866    547.698    543.494   3.557074     7.9424    34.1086    0.45285    27.1708   1630.250  0.000e+00
  95.446869    548.278    544.069   3.555348     7.9243    34.1075    0.45292    27.1750   1630.500  0.000e+00
  95.446872    548.848    544.634   3.554645     7.9076    34.1160    0.45299    27.1792   1630.750  0.000e+00
  95.446875    549.406    545.187   3.554164     7.8940    34.1238    0.45306    27.1833   1631.000  0.000e+00
  95.446878    549.879    545.656   3.554236     7.8840    34.1340    0.45313    27.1875   1631.250  0.000e+00
  95.446881    550.363    546.135   3.554054     7.8768    34.1388    0.45319    27.1917   1631.500  0.000e+00
  95.446884    550.718    546.487   3.552947     7.8708    34.1326    0.45326    27.1958   1631.750  0.000e+00
  95.446887    551.051    546.817   3.552198     7.8625    34.1326    0.45333    27.2000   1632.000  0.000e+00
  95.446889    551.233    546.998   3.554510     7.8524    34.1671    0.45340    27.2042   1632.250  0.000e+00
  95.446892    551.352    547.115   3.554920     7.8446    34.1790    0.45347    27.2083   1632.500  0.000e+00
  95.446895    551.395    547.158   3.555350     7.8444    34.1837    0.45354    27.2125   1632.750  0.000e+00
  95.446898    551.363    547.126   3.555793     7.8506    34.1824    0.45361    27.2167   1633.000  0.000e+00
  95.446901    551.277    547.041   3.555975     7.8577    34.1776    0.45368    27.2208   1633.250  0.000e+00
  95.446904    551.191    546.956   3.556047     7.8654    34.1708    0.45375    27.2250   1633.500  0.000e+00
  95.446907    551.126    546.892   3.557401     7.8714    34.1795    0.45382    27.2292   1633.750  0.000e+00
  95.446910    551.062    546.828   3.557258     7.8756    34.1740    0.45389    27.2333   1634.000  0.000e+00
  95.446913    551.051    546.817   3.556522     7.8786    34.1632    0.45396    27.2375   1634.250  0.000e+00
  95.446916    551.116    546.881   3.553871     7.8788    34.1346    0.45403    27.2417   1634.500  0.000e+00
  95.446918    551.309    547.073   3.552277     7.8730    34.1231    0.45410    27.2458   1634.750  0.000e+00
  95.446921    551.546    547.307   3.551033     7.8629    34.1195    0.45417    27.2500   1635.000  0.000e+00
  95.446924    551.814    547.574   3.550253     7.8512    34.1224    0.45424    27.2542   1635.250  0.000e+00
  95.446927    552.158    547.914   3.549732     7.8397    34.1278    0.45431    27.2583   1635.500  0.000e+00
  95.446930    552.513    548.266   3.549778     7.8315    34.1361    0.45437    27.2625   1635.750  0.000e+00
  95.446933    552.878    548.628   3.548229     7.8258    34.1250    0.45444    27.2667   1636.000  0.000e+00
  95.446936    553.179    548.926   3.548223     7.8187    34.1317    0.45451    27.2708   1636.250  0.000e+00
  95.446939    553.469    549.214   3.547996     7.8123    34.1353    0.45458    27.2750   1636.500  0.000e+00
  95.446942    553.738    549.480   3.548106     7.8075    34.1410    0.45465    27.2792   1636.750  0.000e+00
  95.446944    553.985    549.725   3.548074     7.8040    34.1440    0.45472    27.2833   1637.000  0.000e+00
  95.446947    554.243    549.981   3.547924     7.8016    34.1446    0.45479    27.2875   1637.250  0.000e+00
  95.446950    554.523    550.258   3.548497     7.8005    34.1517    0.45486    27.2917   1637.500  0.000e+00
  95.446953    554.780    550.513   3.547788     7.7998    34.1447    0.45493    27.2958   1637.750  0.000e+00
  95.446956    555.049    550.779   3.546968     7.7992    34.1363    0.45500    27.3000   1638.000  0.000e+00
  95.446959    555.372    551.099   3.546643     7.7961    34.1357    0.45507    27.3042   1638.250  0.000e+00
  95.446962    555.640    551.365   3.546442     7.7929    34.1365    0.45514    27.3083   1638.500  0.000e+00
  95.446965    555.941    551.663   3.544822     7.7895    34.1224    0.45521    27.3125   1638.750  0.000e+00
  95.446968    556.328    552.047   3.544048     7.7834    34.1198    0.45528    27.3167   1639.000  0.000e+00
  95.446970    556.608    552.324   3.543086     7.7753    34.1173    0.45535    27.3208   1639.250  0.000e+00
  95.446973    556.898    552.611   3.542228     7.7667    34.1163    0.45542    27.3250   1639.500  0.000e+00
  95.446976    557.209    552.920   3.541792     7.7584    34.1195    0.45549    27.3292   1639.750  0.000e+00
  95.446979    557.467    553.176   3.541721     7.7509    34.1260    0.45556    27.3333   1640.000  0.000e+00
  95.446982    557.650    553.357   3.542267     7.7441    34.1384    0.45563    27.3375   1640.250  0.000e+00
  95.446985    557.811    553.517   3.544342     7.7391    34.1655    0.45569    27.3417   1640.500  0.000e+00
  95.446988    557.865    553.570   3.544466     7.7365    34.1693    0.45576    27.3458   1640.750  0.000e+00
  95.446991    557.876    553.581   3.544160     7.7373    34.1652    0.45583    27.3500   1641.000  0.000e+00
  95.446994    557.833    553.538   3.544524     7.7448    34.1619    0.45590    27.3542   1641.250  0.000e+00
  95.446997    557.747    553.453   3.544849     7.7521    34.1582    0.45597    27.3583   1641.500  0.000e+00
  95.446999    557.672    553.378   3.546052     7.7574    34.1661    0.45604    27.3625   1641.750  0.000e+00
  95.447002    557.629    553.336   3.546469     7.7621    34.1659    0.45611    27.3667   1642.000  0.000e+00
  95.447005    557.575    553.283   3.545577     7.7655    34.1531    0.45618    27.3708   1642.250  0.000e+00
  95.447008    557.618    553.325   3.543730     7.7658    34.1329    0.45625    27.3750   1642.500  0.000e+00
  95.447011    557.758    553.464   3.542313     7.7630    34.1204    0.45632    27.3792   1642.750  0.000e+00
  95.447014    557.930    553.634   3.542033     7.7577    34.1225    0.45639    27.3833   1643.000  0.000e+00
  95.447017    558.188    553.890   3.541104     7.7528    34.1172    0.45646    27.3875   1643.250  0.000e+00
  95.447020    558.586    554.284   3.538803     7.7463    34.0987    0.45653    27.3917   1643.500  0.000e+00
  95.447023    559.015    554.710   3.536438     7.7350    34.0841    0.45660    27.3958   1643.750  0.000e+00
  95.447025    559.499    555.189   3.533391     7.7187    34.0670    0.45667    27.4000   1644.000  0.000e+00
  95.447028    559.929    555.615   3.532066     7.6976    34.0731    0.45674    27.4042   1644.250  0.000e+00
  95.447031    560.434    556.116   3.530599     7.6781    34.0761    0.45681    27.4083   1644.500  0.000e+00
  95.447034    560.864    556.541   3.530645     7.6608    34.0932    0.45687    27.4125   1644.750  0.000e+00
  95.447037    561.251    556.925   3.530600     7.6482    34.1048    0.45694    27.4167   1645.000  0.000e+00
  95.447040    561.519    557.191   3.531555     7.6401    34.1229    0.45701    27.4208   1645.250  0.000e+00
  95.447043    561.756    557.425   3.533191     7.6356    34.1448    0.45708    27.4250   1645.500  0.000e+00
  95.447046    561.949    557.617   3.533776     7.6333    34.1532    0.45715    27.4292   1645.750  0.000e+00
  95.447049    562.046    557.713   3.532893     7.6332    34.1438    0.45722    27.4333   1646.000  0.000e+00
  95.447052    562.078    557.745   3.533692     7.6380    34.1477    0.45729    27.4375   1646.250  0.000e+00
  95.447054    562.089    557.756   3.534166     7.6436    34.1473    0.45736    27.4417   1646.500  0.000e+00
  95.447057    562.078    557.745   3.534120     7.6489    34.1417    0.45743    27.4458   1646.750  0.000e+00
  95.447060    562.068    557.734   3.535640     7.6534    34.1536    0.45750    27.4500   1647.000  0.000e+00
  95.447063    562.068    557.734   3.536011     7.6573    34.1538    0.45757    27.4542   1647.250  0.000e+00
  95.447066    562.111    557.777   3.535257     7.6604    34.1426    0.45764    27.4583   1647.500  0.000e+00
  95.447069    562.197    557.862   3.534484     7.6620    34.1327    0.45771    27.4625   1647.750  0.000e+00
  95.447072    562.326    557.990   3.532802     7.6602    34.1163    0.45778    27.4667   1648.000  0.000e+00
  95.447075    562.573    558.235   3.531211     7.6565    34.1027    0.45785    27.4708   1648.250  0.000e+00
  95.447078    562.885    558.544   3.529406     7.6496    34.0899    0.45792    27.4750   1648.500  0.000e+00
  95.447080    563.239    558.895   3.528783     7.6391    34.0933    0.45799    27.4792   1648.750  0.000e+00
  95.447083    563.658    559.311   3.528764     7.6288    34.1030    0.45806    27.4833   1649.000  0.000e+00
  95.447086    564.142    559.790   3.528037     7.6219    34.1016    0.45813    27.4875   1649.250  0.000e+00
  95.447089    564.625    560.269   3.527628     7.6165    34.1022    0.45819    27.4917   1649.500  0.000e+00
  95.447092    565.077    560.716   3.527401     7.6117    34.1043    0.45826    27.4958   1649.750  0.000e+00
  95.447095    565.517    561.153   3.527356     7.6083    34.1069    0.45833    27.5000   1650.000  0.000e+00
  95.447098    565.861    561.494   3.527401     7.6054    34.1101    0.45840    27.5042   1650.250  0.000e+00
  95.447101    566.184    561.813   3.527648     7.6034    34.1145    0.45847    27.5083   1650.500  0.000e+00
  95.447104    566.484    562.111   3.527921     7.6023    34.1184    0.45854    27.5125   1650.750  0.000e+00
  95.447106    566.721    562.346   3.529258     7.6020    34.1329    0.45861    27.5167   1651.000  0.000e+00
  95.447109    566.882    562.505   3.530382     7.6024    34.1446    0.45868    27.5208   1651.250  0.000e+00
  95.447112    567.022    562.644   3.529849     7.6027    34.1385    0.45875    27.5250   1651.500  0.000e+00
  95.447115    567.086    562.708   3.529648     7.6038    34.1352    0.45882    27.5292   1651.750  0.000e+00
  95.447118    567.140    562.761   3.529531     7.6085    34.1294    0.45889    27.5333   1652.000  0.000e+00
  95.447121    567.151    562.772   3.529713     7.6126    34.1274    0.45896    27.5375   1652.250  0.000e+00
  95.447124    567.119    562.740   3.530076     7.6151    34.1288    0.45903    27.5417   1652.500  0.000e+00
  95.447127    567.065    562.687   3.530985     7.6173    34.1364    0.45910    27.5458   1652.750  0.000e+00
  95.447130    567.033    562.655   3.531829     7.6194    34.1435    0.45917    27.5500   1653.000  0.000e+00
  95.447133    567.065    562.687   3.531031     7.6214    34.1330    0.45924    27.5542   1653.250  0.000e+00
  95.447135    567.140    562.761   3.529557     7.6227    34.1158    0.45931    27.5583   1653.500  0.000e+00
  95.447138    567.259    562.878   3.528356     7.6201    34.1054    0.45937    27.5625   1653.750  0.000e+00
  95.447141    567.484    563.102   3.526474     7.6149    34.0900    0.45944    27.5667   1654.000  0.000e+00
  95.447144    567.796    563.411   3.525001     7.6073    34.0815    0.45951    27.5708   1654.250  0.000e+00
  95.447147    568.118    563.730   3.522348     7.5955    34.0643    0.45958    27.5750   1654.500  0.000e+00
  95.447150    568.398    564.007   3.521667     7.5788    34.0731    0.45965    27.5792   1654.750  0.000e+00
  95.447153    568.742    564.348   3.520941     7.5640    34.0796    0.45972    27.5833   1655.000  0.000e+00
  95.447156    569.042    564.646   3.520013     7.5511    34.0820    0.45979    27.5875   1655.250  0.000e+00
  95.447159    569.290    564.891   3.519223     7.5380    34.0862    0.45986    27.5917   1655.500  0.000e+00
  95.447161    569.548    565.147   3.518017     7.5234    34.0873    0.45993    27.5958   1655.750  0.000e+00
  95.447164    569.773    565.370   3.517868     7.5103    34.0983    0.46000    27.6000   1656.000  0.000e+00
  95.447167    569.913    565.509   3.520831     7.5009    34.1395    0.46007    27.6042   1656.250  0.000e+00
  95.447170    570.053    565.647   3.523005     7.4966    34.1671    0.46014    27.6083   1656.500  0.000e+00
  95.447173    570.192    565.786   3.523076     7.4924    34.1718    0.46021    27.6125   1656.750  0.000e+00
  95.447176    570.375    565.967   3.521078     7.4902    34.1524    0.46028    27.6167   1657.000  0.000e+00
  95.447179    570.558    566.148   3.518432     7.4890    34.1249    0.46035    27.6208   1657.250  0.000e+00
