PRÉ RECOLHIMENTO/19Plus/SBE19plus_01907424_2021_04_05_0001.cnv
* Sea-Bird SBE19plus  Data File:
* FileName = C:\Users\Oceanpact\Desktop\CTD_FA_04_PRÉ\SBE19plus_01907424_2021_04_05_0001.hex
* Software version 2.8.0.119
* Temperature SN = 7424
* Conductivity SN = 7424
* System UpLoad Time = Apr 05 2021 11:24:24
* <ApplicationData>
* <Seaterm232>
# nquan = 10
# nvalues = 13908                                 
# units = specified
# name 0 = timeJ: Julian Days
# name 1 = prdM: Pressure, Strain Gauge [db]
# name 2 = depSM: Depth [salt water, m], lat = -24.00
# name 3 = c0S/m: Conductivity [S/m]
# name 4 = tv290C: Temperature [ITS-90, deg C]
# name 5 = sal00: Salinity, Practical [PSU]
# name 6 = timeH: Time, Elapsed [hours]
# name 7 = timeM: Time, Elapsed [minutes]
# name 8 = timeS: Time, Elapsed [seconds]
# name 9 = flag:  0.000e+00
# span 0 =  95.427998,  95.468238                 
# span 1 =      0.562,   1069.550                 
# span 2 =      0.559,   1060.017                 
# span 3 =   0.008580,   5.942421                 
# span 4 =     3.9073,    27.6330                 
# span 5 =     0.0473,    39.7899                 
# span 6 =    0.00000,    0.96576                 
# span 7 =     0.0000,    57.9458                 
# span 8 =      0.000,   3476.750                 
# span 9 = 0.0000e+00, 0.0000e+00                 
# interval = seconds: 0.25
# start_time = Apr 05 2021 10:16:19 [Instrument's time stamp, header]
# bad_flag = -9.990e-29
*END*
[from data line 7064]
  95.448437    661.964    656.703   3.394143     6.2324    33.9575    0.49056    29.4333   1766.000  0.000e+00
  95.448440    662.061    656.799   3.394226     6.2359    33.9549    0.49062    29.4375   1766.250  0.000e+00
  95.448443    662.050    656.789   3.394424     6.2406    33.9524    0.49069    29.4417   1766.500  0.000e+00
  95.448446    661.986    656.725   3.394705     6.2451    33.9511    0.49076    29.4458   1766.750  0.000e+00
  95.448449    661.890    656.629   3.394552     6.2490    33.9456    0.49083    29.4500   1767.000  0.000e+00
  95.448452    661.750    656.491   3.394341     6.2521    33.9402    0.49090    29.4542   1767.250  0.000e+00
  95.448455    661.589    656.332   3.395095     6.2541    33.9467    0.49097    29.4583   1767.500  0.000e+00
  95.448458    661.450    656.194   3.395682     6.2552    33.9522    0.49104    29.4625   1767.750  0.000e+00
  95.448461    661.342    656.087   3.395574     6.2567    33.9496    0.49111    29.4667   1768.000  0.000e+00
  95.448464    661.267    656.013   3.394749     6.2580    33.9392    0.49118    29.4708   1768.250  0.000e+00
  95.448466    661.289    656.034   3.393229     6.2573    33.9229    0.49125    29.4750   1768.500  0.000e+00
  95.448469    661.385    656.130   3.392374     6.2522    33.9184    0.49132    29.4792   1768.750  0.000e+00
  95.448472    661.557    656.300   3.391391     6.2446    33.9150    0.49139    29.4833   1769.000  0.000e+00
  95.448475    661.847    656.587   3.390695     6.2368    33.9149    0.49146    29.4875   1769.250  0.000e+00
  95.448478    662.191    656.928   3.390325     6.2290    33.9183    0.49153    29.4917   1769.500  0.000e+00
  95.448481    662.631    657.364   3.390178     6.2222    33.9232    0.49160    29.4958   1769.750  0.000e+00
  95.448484    663.103    657.832   3.389674     6.2172    33.9223    0.49167    29.5000   1770.000  0.000e+00
  95.448487    663.608    658.331   3.389393     6.2133    33.9228    0.49174    29.5042   1770.250  0.000e+00
  95.448490    664.102    658.821   3.389368     6.2100    33.9256    0.49181    29.5083   1770.500  0.000e+00
  95.448492    664.617    659.331   3.389221     6.2074    33.9263    0.49188    29.5125   1770.750  0.000e+00
  95.448495    665.058    659.767   3.388570     6.2051    33.9210    0.49194    29.5167   1771.000  0.000e+00
  95.448498    665.487    660.193   3.388315     6.2018    33.9213    0.49201    29.5208   1771.250  0.000e+00
  95.448501    665.820    660.523   3.388360     6.1979    33.9255    0.49208    29.5250   1771.500  0.000e+00
  95.448504    666.132    660.831   3.388488     6.1946    33.9300    0.49215    29.5292   1771.750  0.000e+00
  95.448507    666.379    661.076   3.388590     6.1918    33.9338    0.49222    29.5333   1772.000  0.000e+00
  95.448510    666.636    661.331   3.388814     6.1898    33.9382    0.49229    29.5375   1772.250  0.000e+00
  95.448513    666.873    661.565   3.389114     6.1881    33.9431    0.49236    29.5417   1772.500  0.000e+00
  95.448516    667.109    661.799   3.389114     6.1868    33.9443    0.49243    29.5458   1772.750  0.000e+00
  95.448519    667.345    662.033   3.388661     6.1856    33.9403    0.49250    29.5500   1773.000  0.000e+00
  95.448521    667.592    662.278   3.388335     6.1841    33.9381    0.49257    29.5542   1773.250  0.000e+00
  95.448524    667.839    662.522   3.388208     6.1827    33.9379    0.49264    29.5583   1773.500  0.000e+00
  95.448527    668.075    662.756   3.388342     6.1806    33.9414    0.49271    29.5625   1773.750  0.000e+00
  95.448530    668.269    662.948   3.389893     6.1781    33.9611    0.49278    29.5667   1774.000  0.000e+00
  95.448533    668.419    663.097   3.389938     6.1759    33.9636    0.49285    29.5708   1774.250  0.000e+00
  95.448536    668.548    663.224   3.389963     6.1779    33.9620    0.49292    29.5750   1774.500  0.000e+00
  95.448539    668.602    663.278   3.389702     6.1845    33.9524    0.49299    29.5792   1774.750  0.000e+00
  95.448542    668.645    663.320   3.389657     6.1908    33.9456    0.49306    29.5833   1775.000  0.000e+00
  95.448545    668.602    663.278   3.389797     6.1958    33.9422    0.49312    29.5875   1775.250  0.000e+00
  95.448547    668.538    663.214   3.389938     6.1994    33.9403    0.49319    29.5917   1775.500  0.000e+00
  95.448550    668.495    663.172   3.390180     6.2019    33.9405    0.49326    29.5958   1775.750  0.000e+00
  95.448553    668.430    663.108   3.390787     6.2032    33.9460    0.49333    29.6000   1776.000  0.000e+00
  95.448556    668.463    663.140   3.390391     6.2042    33.9406    0.49340    29.6042   1776.250  0.000e+00
  95.448559    668.506    663.182   3.389223     6.2048    33.9269    0.49347    29.6083   1776.500  0.000e+00
  95.448562    668.613    663.289   3.387474     6.2014    33.9108    0.49354    29.6125   1776.750  0.000e+00
  95.448565    668.839    663.512   3.386019     6.1938    33.9021    0.49361    29.6167   1777.000  0.000e+00
  95.448568    669.129    663.799   3.385177     6.1839    33.9023    0.49368    29.6208   1777.250  0.000e+00
  95.448571    669.526    664.193   3.385024     6.1743    33.9100    0.49375    29.6250   1777.500  0.000e+00
  95.448573    669.912    664.576   3.383602     6.1663    33.9019    0.49382    29.6292   1777.750  0.000e+00
  95.448576    670.363    665.022   3.382971     6.1575    33.9034    0.49389    29.6333   1778.000  0.000e+00
  95.448579    670.814    665.469   3.382607     6.1487    33.9078    0.49396    29.6375   1778.250  0.000e+00
  95.448582    671.190    665.841   3.382652     6.1416    33.9152    0.49403    29.6417   1778.500  0.000e+00
  95.448585    671.512    666.160   3.382671     6.1367    33.9201    0.49410    29.6458   1778.750  0.000e+00
  95.448588    671.781    666.426   3.383124     6.1337    33.9280    0.49417    29.6500   1779.000  0.000e+00
  95.448591    672.028    666.671   3.384336     6.1320    33.9431    0.49424    29.6542   1779.250  0.000e+00
  95.448594    672.167    666.809   3.383667     6.1314    33.9361    0.49431    29.6583   1779.500  0.000e+00
  95.448597    672.253    666.894   3.383788     6.1334    33.9355    0.49438    29.6625   1779.750  0.000e+00
  95.448600    672.286    666.926   3.383966     6.1366    33.9343    0.49444    29.6667   1780.000  0.000e+00
  95.448602    672.286    666.926   3.384273     6.1395    33.9349    0.49451    29.6708   1780.250  0.000e+00
  95.448605    672.221    666.862   3.384962     6.1414    33.9407    0.49458    29.6750   1780.500  0.000e+00
  95.448608    672.232    666.873   3.384962     6.1427    33.9393    0.49465    29.6792   1780.750  0.000e+00
  95.448611    672.286    666.926   3.384356     6.1440    33.9313    0.49472    29.6833   1781.000  0.000e+00
  95.448614    672.458    667.097   3.383265     6.1444    33.9186    0.49479    29.6875   1781.250  0.000e+00
  95.448617    672.672    667.309   3.382627     6.1425    33.9134    0.49486    29.6917   1781.500  0.000e+00
  95.448620    672.984    667.618   3.382091     6.1388    33.9109    0.49493    29.6958   1781.750  0.000e+00
  95.448623    673.392    668.022   3.381396     6.1345    33.9072    0.49500    29.7000   1782.000  0.000e+00
  95.448626    673.896    668.522   3.380791     6.1289    33.9058    0.49507    29.7042   1782.250  0.000e+00
  95.448628    674.380    669.000   3.378891     6.1224    33.8908    0.49514    29.7083   1782.500  0.000e+00
  95.448631    674.863    669.479   3.378400     6.1129    33.8945    0.49521    29.7125   1782.750  0.000e+00
  95.448634    675.303    669.915   3.378050     6.1035    33.8998    0.49528    29.7167   1783.000  0.000e+00
  95.448637    675.657    670.266   3.377751     6.0957    33.9039    0.49535    29.7208   1783.250  0.000e+00
  95.448640    675.958    670.564   3.378031     6.0897    33.9129    0.49542    29.7250   1783.500  0.000e+00
  95.448643    676.227    670.829   3.378637     6.0856    33.9236    0.49549    29.7292   1783.750  0.000e+00
  95.448646    676.463    671.063   3.379721     6.0830    33.9381    0.49556    29.7333   1784.000  0.000e+00
  95.448649    676.656    671.255   3.379453     6.0818    33.9362    0.49562    29.7375   1784.250  0.000e+00
  95.448652    676.850    671.447   3.379453     6.0823    33.9357    0.49569    29.7417   1784.500  0.000e+00
  95.448655    676.989    671.585   3.379842     6.0848    33.9374    0.49576    29.7458   1784.750  0.000e+00
  95.448657    677.172    671.766   3.379995     6.0884    33.9355    0.49583    29.7500   1785.000  0.000e+00
  95.448660    677.301    671.893   3.380168     6.0924    33.9334    0.49590    29.7542   1785.250  0.000e+00
  95.448663    677.462    672.053   3.380314     6.0950    33.9323    0.49597    29.7583   1785.500  0.000e+00
  95.448666    677.559    672.149   3.380212     6.0972    33.9290    0.49604    29.7625   1785.750  0.000e+00
  95.448669    677.655    672.244   3.380148     6.0993    33.9262    0.49611    29.7667   1786.000  0.000e+00
  95.448672    677.741    672.330   3.380193     6.1016    33.9244    0.49618    29.7708   1786.250  0.000e+00
  95.448675    677.795    672.383   3.380104     6.1035    33.9215    0.49625    29.7750   1786.500  0.000e+00
  95.448678    677.827    672.415   3.379747     6.1044    33.9165    0.49632    29.7792   1786.750  0.000e+00
  95.448681    677.849    672.436   3.379868     6.1047    33.9176    0.49639    29.7833   1787.000  0.000e+00
  95.448683    677.870    672.457   3.380212     6.1042    33.9219    0.49646    29.7875   1787.250  0.000e+00
  95.448686    677.870    672.457   3.380512     6.1041    33.9253    0.49653    29.7917   1787.500  0.000e+00
  95.448689    677.913    672.500   3.381290     6.1059    33.9322    0.49660    29.7958   1787.750  0.000e+00
  95.448692    677.967    672.553   3.381723     6.1078    33.9352    0.49667    29.8000   1788.000  0.000e+00
  95.448695    678.042    672.628   3.381424     6.1089    33.9306    0.49674    29.8042   1788.250  0.000e+00
  95.448698    678.171    672.756   3.380601     6.1083    33.9220    0.49681    29.8083   1788.500  0.000e+00
  95.448701    678.300    672.883   3.378548     6.1024    33.9049    0.49688    29.8125   1788.750  0.000e+00
  95.448704    678.451    673.032   3.376955     6.0928    33.8966    0.49694    29.8167   1789.000  0.000e+00
  95.448707    678.644    673.224   3.376439     6.0833    33.9001    0.49701    29.8208   1789.250  0.000e+00
  95.448709    678.848    673.426   3.376133     6.0748    33.9051    0.49708    29.8250   1789.500  0.000e+00
  95.448712    679.063    673.639   3.375961     6.0680    33.9098    0.49715    29.8292   1789.750  0.000e+00
  95.448715    679.288    673.862   3.375745     6.0628    33.9125    0.49722    29.8333   1790.000  0.000e+00
  95.448718    679.514    674.085   3.375426     6.0590    33.9126    0.49729    29.8375   1790.250  0.000e+00
  95.448721    679.772    674.340   3.375254     6.0557    33.9138    0.49736    29.8417   1790.500  0.000e+00
  95.448724    679.986    674.553   3.375229     6.0529    33.9162    0.49743    29.8458   1790.750  0.000e+00
  95.448727    680.276    674.840   3.374885     6.0507    33.9144    0.49750    29.8500   1791.000  0.000e+00
  95.448730    680.599    675.159   3.374413     6.0487    33.9110    0.49757    29.8542   1791.250  0.000e+00
  95.448733    680.921    675.478   3.373700     6.0459    33.9056    0.49764    29.8583   1791.500  0.000e+00
  95.448736    681.296    675.851   3.373273     6.0419    33.9046    0.49771    29.8625   1791.750  0.000e+00
  95.448738    681.651    676.201   3.372885     6.0377    33.9043    0.49778    29.8667   1792.000  0.000e+00
  95.448741    682.016    676.563   3.372662     6.0336    33.9058    0.49785    29.8708   1792.250  0.000e+00
  95.448744    682.338    676.882   3.372433     6.0298    33.9068    0.49792    29.8750   1792.500  0.000e+00
  95.448747    682.638    677.180   3.371892     6.0261    33.9043    0.49799    29.8792   1792.750  0.000e+00
  95.448750    682.928    677.467   3.371567     6.0217    33.9049    0.49806    29.8833   1793.000  0.000e+00
  95.448753    683.133    677.669   3.371440     6.0169    33.9081    0.49812    29.8875   1793.250  0.000e+00
  95.448756    683.337    677.871   3.371714     6.0130    33.9149    0.49819    29.8917   1793.500  0.000e+00
  95.448759    683.530    678.063   3.372153     6.0101    33.9227    0.49826    29.8958   1793.750  0.000e+00
  95.448762    683.702    678.233   3.372752     6.0080    33.9313    0.49833    29.9000   1794.000  0.000e+00
  95.448764    683.852    678.382   3.373447     6.0057    33.9413    0.49840    29.9042   1794.250  0.000e+00
  95.448767    683.992    678.520   3.373338     6.0040    33.9418    0.49847    29.9083   1794.500  0.000e+00
  95.448770    684.153    678.680   3.372077     6.0030    33.9286    0.49854    29.9125   1794.750  0.000e+00
  95.448773    684.389    678.914   3.370841     6.0017    33.9160    0.49861    29.9167   1795.000  0.000e+00
  95.448776    684.636    679.158   3.369740     6.0001    33.9051    0.49868    29.9208   1795.250  0.000e+00
  95.448779    684.894    679.413   3.369052     5.9969    33.9005    0.49875    29.9250   1795.500  0.000e+00
  95.448782    685.184    679.701   3.368320     5.9921    33.8969    0.49882    29.9292   1795.750  0.000e+00
  95.448785    685.484    679.998   3.367550     5.9863    33.8939    0.49889    29.9333   1796.000  0.000e+00
  95.448788    685.742    680.254   3.366882     5.9790    33.8936    0.49896    29.9375   1796.250  0.000e+00
  95.448791    685.957    680.466   3.366818     5.9714    33.9003    0.49903    29.9417   1796.500  0.000e+00
  95.448793    686.161    680.668   3.367009     5.9650    33.9087    0.49910    29.9458   1796.750  0.000e+00
  95.448796    686.301    680.807   3.369473     5.9593    33.9419    0.49917    29.9500   1797.000  0.000e+00
  95.448799    686.386    680.892   3.369206     5.9556    33.9425    0.49924    29.9542   1797.250  0.000e+00
  95.448802    686.386    680.892   3.368989     5.9590    33.9368    0.49931    29.9583   1797.500  0.000e+00
  95.448805    686.397    680.902   3.369289     5.9665    33.9326    0.49938    29.9625   1797.750  0.000e+00
  95.448808    686.376    680.881   3.369397     5.9723    33.9281    0.49944    29.9667   1798.000  0.000e+00
  95.448811    686.344    680.849   3.369562     5.9762    33.9261    0.49951    29.9708   1798.250  0.000e+00
  95.448814    686.311    680.817   3.370218     5.9791    33.9305    0.49958    29.9750   1798.500  0.000e+00
  95.448817    686.344    680.849   3.369569     5.9816    33.9208    0.49965    29.9792   1798.750  0.000e+00
  95.448819    686.430    680.934   3.368410     5.9831    33.9063    0.49972    29.9833   1799.000  0.000e+00
  95.448822    686.580    681.083   3.366214     5.9794    33.8853    0.49979    29.9875   1799.250  0.000e+00
  95.448825    686.795    681.296   3.363318     5.9700    33.8621    0.49986    29.9917   1799.500  0.000e+00
  95.448828    687.042    681.541   3.362071     5.9543    33.8636    0.49993    29.9958   1799.750  0.000e+00
  95.448831    687.364    681.860   3.361537     5.9379    33.8738    0.50000    30.0000   1800.000  0.000e+00
  95.448834    687.654    682.147   3.361086     5.9248    33.8817    0.50007    30.0042   1800.250  0.000e+00
  95.448837    687.997    682.487   3.360431     5.9148    33.8840    0.50014    30.0083   1800.500  0.000e+00
  95.448840    688.287    682.774   3.359502     5.9058    33.8825    0.50021    30.0125   1800.750  0.000e+00
  95.448843    688.566    683.051   3.358771     5.8963    33.8836    0.50028    30.0167   1801.000  0.000e+00
  95.448845    688.749    683.231   3.358625     5.8875    33.8906    0.50035    30.0208   1801.250  0.000e+00
  95.448848    688.964    683.444   3.358320     5.8793    33.8953    0.50042    30.0250   1801.500  0.000e+00
