PRÉ RECOLHIMENTO/19Plus/SBE19plus_01907424_2021_04_05_0001.cnv
* Sea-Bird SBE19plus  Data File:
* FileName = C:\Users\Oceanpact\Desktop\CTD_FA_04_PRÉ\SBE19plus_01907424_2021_04_05_0001.hex
* Software version 2.8.0.119
* Temperature SN = 7424
* Conductivity SN = 7424
* System UpLoad Time = Apr 05 2021 11:24:24
* <ApplicationData>
* <Seaterm232>
# nquan = 10
# nvalues = 13908                                 
# units = specified
# name 0 = timeJ: Julian Days
# name 1 = prdM: Pressure, Strain Gauge [db]
# name 2 = depSM: Depth [salt water, m], lat = -24.00
# name 3 = c0S/m: Conductivity [S/m]
# name 4 = tv290C: Temperature [ITS-90, deg C]
# name 5 = sal00: Salinity, Practical [PSU]
# name 6 = timeH: Time, Elapsed [hours]
# name 7 = timeM: Time, Elapsed [minutes]
# name 8 = timeS: Time, Elapsed [seconds]
# name 9 = flag:  0.000e+00
# span 0 =  95.427998,  95.468238                 
# span 1 =      0.562,   1069.550                 
# span 2 =      0.559,   1060.017                 
# span 3 =   0.008580,   5.942421                 
# span 4 =     3.9073,    27.6330                 
# span 5 =     0.0473,    39.7899                 
# span 6 =    0.00000,    0.96576                 
# span 7 =     0.0000,    57.9458                 
# span 8 =      0.000,   3476.750                 
# span 9 = 0.0000e+00, 0.0000e+00                 
# interval = seconds: 0.25
# start_time = Apr 05 2021 10:16:19 [Instrument's time stamp, header]
# bad_flag = -9.990e-29
*END*
[from data line 7208]
  95.448854    689.329    683.806   3.358002     5.8654    33.9054    0.50056    30.0333   1802.000  0.000e+00
  95.448857    689.468    683.944   3.357488     5.8601    33.9048    0.50062    30.0375   1802.250  0.000e+00
  95.448860    689.672    684.146   3.356865     5.8563    33.9015    0.50069    30.0417   1802.500  0.000e+00
  95.448863    689.887    684.359   3.356261     5.8534    33.8976    0.50076    30.0458   1802.750  0.000e+00
  95.448866    690.102    684.571   3.355625     5.8502    33.8935    0.50083    30.0500   1803.000  0.000e+00
  95.448869    690.370    684.837   3.355066     5.8459    33.8914    0.50090    30.0542   1803.250  0.000e+00
  95.448872    690.628    685.092   3.354488     5.8410    33.8896    0.50097    30.0583   1803.500  0.000e+00
  95.448874    690.907    685.369   3.354322     5.8361    33.8925    0.50104    30.0625   1803.750  0.000e+00
  95.448877    691.111    685.571   3.354342     5.8317    33.8970    0.50111    30.0667   1804.000  0.000e+00
  95.448880    691.315    685.773   3.354297     5.8282    33.8999    0.50118    30.0708   1804.250  0.000e+00
  95.448883    691.466    685.922   3.354469     5.8247    33.9052    0.50125    30.0750   1804.500  0.000e+00
  95.448886    691.584    686.039   3.356147     5.8221    33.9267    0.50132    30.0792   1804.750  0.000e+00
  95.448889    691.670    686.124   3.357940     5.8209    33.9480    0.50139    30.0833   1805.000  0.000e+00
  95.448892    691.724    686.177   3.357616     5.8195    33.9456    0.50146    30.0875   1805.250  0.000e+00
  95.448895    691.777    686.230   3.357915     5.8218    33.9467    0.50153    30.0917   1805.500  0.000e+00
  95.448898    691.820    686.273   3.358455     5.8270    33.9475    0.50160    30.0958   1805.750  0.000e+00
  95.448900    691.842    686.295   3.358175     5.8302    33.9412    0.50167    30.1000   1806.000  0.000e+00
  95.448903    691.960    686.412   3.356312     5.8344    33.9161    0.50174    30.1042   1806.250  0.000e+00
  95.448906    692.121    686.571   3.354234     5.8360    33.8910    0.50181    30.1083   1806.500  0.000e+00
  95.448909    692.304    686.752   3.353166     5.8330    33.8819    0.50187    30.1125   1806.750  0.000e+00
  95.448912    692.572    687.018   3.352658     5.8282    33.8808    0.50194    30.1167   1807.000  0.000e+00
  95.448915    692.916    687.358   3.352118     5.8230    33.8798    0.50201    30.1208   1807.250  0.000e+00
  95.448918    693.281    687.719   3.351712     5.8178    33.8803    0.50208    30.1250   1807.500  0.000e+00
  95.448921    693.732    688.166   3.351089     5.8132    33.8776    0.50215    30.1292   1807.750  0.000e+00
  95.448924    694.226    688.655   3.350206     5.8087    33.8720    0.50222    30.1333   1808.000  0.000e+00
  95.448927    694.719    689.144   3.349914     5.8028    33.8743    0.50229    30.1375   1808.250  0.000e+00
  95.448929    695.267    689.686   3.349724     5.7975    33.8772    0.50236    30.1417   1808.500  0.000e+00
  95.448932    695.761    690.175   3.349273     5.7941    33.8753    0.50243    30.1458   1808.750  0.000e+00
  95.448935    696.255    690.664   3.348880     5.7907    33.8740    0.50250    30.1500   1809.000  0.000e+00
  95.448938    696.684    691.090   3.348702     5.7867    33.8758    0.50257    30.1542   1809.250  0.000e+00
  95.448941    697.081    691.483   3.348251     5.7828    33.8744    0.50264    30.1583   1809.500  0.000e+00
  95.448944    697.425    691.823   3.348251     5.7792    33.8778    0.50271    30.1625   1809.750  0.000e+00
  95.448947    697.682    692.078   3.348455     5.7759    33.8832    0.50278    30.1667   1810.000  0.000e+00
  95.448950    697.886    692.280   3.349744     5.7739    33.8996    0.50285    30.1708   1810.250  0.000e+00
  95.448953    697.983    692.376   3.349382     5.7734    33.8961    0.50292    30.1750   1810.500  0.000e+00
  95.448955    697.972    692.366   3.349617     5.7750    33.8972    0.50299    30.1792   1810.750  0.000e+00
  95.448958    697.865    692.259   3.349554     5.7779    33.8936    0.50306    30.1833   1811.000  0.000e+00
  95.448961    697.661    692.058   3.349706     5.7811    33.8922    0.50313    30.1875   1811.250  0.000e+00
  95.448964    697.415    691.813   3.349769     5.7835    33.8906    0.50319    30.1917   1811.500  0.000e+00
  95.448967    697.060    691.462   3.349915     5.7852    33.8907    0.50326    30.1958   1811.750  0.000e+00
  95.448970    696.717    691.122   3.350341     5.7869    33.8940    0.50333    30.2000   1812.000  0.000e+00
  95.448973    696.395    690.803   3.351262     5.7887    33.9027    0.50340    30.2042   1812.250  0.000e+00
  95.448976    696.084    690.495   3.350817     5.7900    33.8965    0.50347    30.2083   1812.500  0.000e+00
  95.448979    695.816    690.230   3.349940     5.7912    33.8856    0.50354    30.2125   1812.750  0.000e+00
  95.448981    695.676    690.092   3.349464     5.7912    33.8803    0.50361    30.2167   1813.000  0.000e+00
  95.448984    695.665    690.081   3.349235     5.7900    33.8789    0.50368    30.2208   1813.250  0.000e+00
  95.448987    695.730    690.145   3.348911     5.7881    33.8772    0.50375    30.2250   1813.500  0.000e+00
  95.448990    695.912    690.326   3.348829     5.7858    33.8785    0.50382    30.2292   1813.750  0.000e+00
  95.448993    696.213    690.623   3.348562     5.7834    33.8777    0.50389    30.2333   1814.000  0.000e+00
  95.448996    696.600    691.006   3.348505     5.7813    33.8790    0.50396    30.2375   1814.250  0.000e+00
  95.448999    697.029    691.431   3.347889     5.7796    33.8735    0.50403    30.2417   1814.500  0.000e+00
  95.449002    697.523    691.920   3.347419     5.7768    33.8708    0.50410    30.2458   1814.750  0.000e+00
  95.449005    698.092    692.484   3.346702     5.7735    33.8657    0.50417    30.2500   1815.000  0.000e+00
  95.449008    698.661    693.047   3.345864     5.7688    33.8608    0.50424    30.2542   1815.250  0.000e+00
  95.449010    699.208    693.590   3.345369     5.7630    33.8607    0.50431    30.2583   1815.500  0.000e+00
  95.449013    699.788    694.164   3.344500     5.7570    33.8566    0.50438    30.2625   1815.750  0.000e+00
  95.449016    700.271    694.642   3.343687     5.7502    33.8540    0.50444    30.2667   1816.000  0.000e+00
  95.449019    700.701    695.067   3.343643     5.7426    33.8609    0.50451    30.2708   1816.250  0.000e+00
  95.449022    701.087    695.450   3.344031     5.7370    33.8706    0.50458    30.2750   1816.500  0.000e+00
  95.449025    701.431    695.790   3.344367     5.7342    33.8771    0.50465    30.2792   1816.750  0.000e+00
  95.449028    701.677    696.035   3.344583     5.7336    33.8799    0.50472    30.2833   1817.000  0.000e+00
  95.449031    701.892    696.247   3.344710     5.7334    33.8815    0.50479    30.2875   1817.250  0.000e+00
  95.449034    702.096    696.449   3.344755     5.7332    33.8821    0.50486    30.2917   1817.500  0.000e+00
  95.449036    702.279    696.630   3.344818     5.7332    33.8827    0.50493    30.2958   1817.750  0.000e+00
  95.449039    702.472    696.822   3.344501     5.7331    33.8791    0.50500    30.3000   1818.000  0.000e+00
  95.449042    702.708    697.056   3.343517     5.7314    33.8697    0.50507    30.3042   1818.250  0.000e+00
  95.449045    703.009    697.353   3.342603     5.7281    33.8625    0.50514    30.3083   1818.500  0.000e+00
  95.449048    703.320    697.662   3.342165     5.7230    33.8626    0.50521    30.3125   1818.750  0.000e+00
  95.449051    703.632    697.970   3.342007     5.7180    33.8655    0.50528    30.3167   1819.000  0.000e+00
  95.449054    704.007    698.342   3.341366     5.7139    33.8622    0.50535    30.3208   1819.250  0.000e+00
  95.449057    704.330    698.661   3.340148     5.7093    33.8529    0.50542    30.3250   1819.500  0.000e+00
  95.449060    704.609    698.937   3.339298     5.7018    33.8507    0.50549    30.3292   1819.750  0.000e+00
  95.449062    704.823    699.150   3.340091     5.6935    33.8679    0.50556    30.3333   1820.000  0.000e+00
  95.449065    704.941    699.267   3.341900     5.6874    33.8942    0.50562    30.3375   1820.250  0.000e+00
  95.449068    704.985    699.310   3.341386     5.6848    33.8911    0.50569    30.3417   1820.500  0.000e+00
  95.449071    704.974    699.299   3.341836     5.6883    33.8926    0.50576    30.3458   1820.750  0.000e+00
  95.449074    704.877    699.203   3.341538     5.6931    33.8846    0.50583    30.3500   1821.000  0.000e+00
  95.449077    704.695    699.023   3.342242     5.6979    33.8878    0.50590    30.3542   1821.250  0.000e+00
  95.449080    704.480    698.810   3.342414     5.7013    33.8864    0.50597    30.3583   1821.500  0.000e+00
  95.449083    704.244    698.577   3.342515     5.7057    33.8832    0.50604    30.3625   1821.750  0.000e+00
  95.449086    704.008    698.343   3.343283     5.7091    33.8886    0.50611    30.3667   1822.000  0.000e+00
  95.449089    703.837    698.173   3.343156     5.7113    33.8851    0.50618    30.3708   1822.250  0.000e+00
  95.449091    703.719    698.056   3.342496     5.7125    33.8766    0.50625    30.3750   1822.500  0.000e+00
  95.449094    703.665    698.003   3.340916     5.7125    33.8588    0.50632    30.3792   1822.750  0.000e+00
  95.449097    703.719    698.056   3.340110     5.7087    33.8534    0.50639    30.3833   1823.000  0.000e+00
  95.449100    703.901    698.237   3.339882     5.7029    33.8566    0.50646    30.3875   1823.250  0.000e+00
  95.449103    704.170    698.503   3.339063     5.6973    33.8528    0.50653    30.3917   1823.500  0.000e+00
  95.449106    704.524    698.854   3.338467     5.6912    33.8520    0.50660    30.3958   1823.750  0.000e+00
  95.449109    704.932    699.258   3.337789     5.6853    33.8500    0.50667    30.4000   1824.000  0.000e+00
  95.449112    705.415    699.736   3.337193     5.6789    33.8495    0.50674    30.4042   1824.250  0.000e+00
  95.449115    705.898    700.214   3.336831     5.6731    33.8509    0.50681    30.4083   1824.500  0.000e+00
  95.449117    706.338    700.650   3.336534     5.6683    33.8521    0.50687    30.4125   1824.750  0.000e+00
  95.449120    706.757    701.065   3.336458     5.6641    33.8553    0.50694    30.4167   1825.000  0.000e+00
  95.449123    707.154    701.458   3.336217     5.6609    33.8556    0.50701    30.4208   1825.250  0.000e+00
  95.449126    707.444    701.745   3.335836     5.6579    33.8542    0.50708    30.4250   1825.500  0.000e+00
  95.449129    707.755    702.053   3.335938     5.6545    33.8585    0.50715    30.4292   1825.750  0.000e+00
  95.449132    708.002    702.298   3.335742     5.6517    33.8590    0.50722    30.4333   1826.000  0.000e+00
  95.449135    708.163    702.457   3.335666     5.6484    33.8614    0.50729    30.4375   1826.250  0.000e+00
  95.449138    708.303    702.596   3.336173     5.6451    33.8703    0.50736    30.4417   1826.500  0.000e+00
  95.449141    708.453    702.744   3.337530     5.6430    33.8876    0.50743    30.4458   1826.750  0.000e+00
  95.449144    708.571    702.861   3.337156     5.6419    33.8845    0.50750    30.4500   1827.000  0.000e+00
  95.449146    708.679    702.968   3.337410     5.6403    33.8888    0.50757    30.4542   1827.250  0.000e+00
  95.449149    708.786    703.074   3.337448     5.6392    33.8903    0.50764    30.4583   1827.500  0.000e+00
  95.449152    708.936    703.223   3.336211     5.6383    33.8772    0.50771    30.4625   1827.750  0.000e+00
  95.449155    709.097    703.383   3.335603     5.6378    33.8708    0.50778    30.4667   1828.000  0.000e+00
  95.449158    709.291    703.574   3.335051     5.6378    33.8645    0.50785    30.4708   1828.250  0.000e+00
  95.449161    709.506    703.787   3.334867     5.6376    33.8625    0.50792    30.4750   1828.500  0.000e+00
  95.449164    709.720    703.999   3.334645     5.6366    33.8608    0.50799    30.4792   1828.750  0.000e+00
  95.449167    709.935    704.212   3.334557     5.6352    33.8611    0.50806    30.4833   1829.000  0.000e+00
  95.449170    710.193    704.467   3.334474     5.6342    33.8611    0.50813    30.4875   1829.250  0.000e+00
  95.449172    710.440    704.712   3.334557     5.6335    33.8626    0.50819    30.4917   1829.500  0.000e+00
  95.449175    710.654    704.924   3.334456     5.6328    33.8621    0.50826    30.4958   1829.750  0.000e+00
  95.449178    710.933    705.201   3.333644     5.6313    33.8543    0.50833    30.5000   1830.000  0.000e+00
  95.449181    711.223    705.488   3.332700     5.6282    33.8466    0.50840    30.5042   1830.250  0.000e+00
  95.449184    711.513    705.775   3.331692     5.6230    33.8402    0.50847    30.5083   1830.500  0.000e+00
  95.449187    711.846    706.104   3.330336     5.6158    33.8320    0.50854    30.5125   1830.750  0.000e+00
  95.449190    712.222    706.476   3.328702     5.6057    33.8234    0.50861    30.5167   1831.000  0.000e+00
  95.449193    712.533    706.785   3.328683     5.5938    33.8349    0.50868    30.5208   1831.250  0.000e+00
  95.449196    712.866    707.114   3.326263     5.5834    33.8178    0.50875    30.5250   1831.500  0.000e+00
  95.449198    713.145    707.390   3.324566     5.5693    33.8125    0.50882    30.5292   1831.750  0.000e+00
  95.449201    713.413    707.656   3.324218     5.5533    33.8245    0.50889    30.5333   1832.000  0.000e+00
  95.449204    713.617    707.858   3.324085     5.5398    33.8363    0.50896    30.5375   1832.250  0.000e+00
  95.449207    713.757    707.996   3.325840     5.5293    33.8667    0.50903    30.5417   1832.500  0.000e+00
  95.449210    713.843    708.082   3.327765     5.5224    33.8952    0.50910    30.5458   1832.750  0.000e+00
  95.449213    713.897    708.135   3.326771     5.5184    33.8880    0.50917    30.5500   1833.000  0.000e+00
  95.449216    713.929    708.167   3.326923     5.5231    33.8850    0.50924    30.5542   1833.250  0.000e+00
  95.449219    713.983    708.220   3.327563     5.5307    33.8846    0.50931    30.5583   1833.500  0.000e+00
  95.449222    713.993    708.231   3.328133     5.5364    33.8853    0.50938    30.5625   1833.750  0.000e+00
  95.449225    714.069    708.305   3.328044     5.5406    33.8801    0.50944    30.5667   1834.000  0.000e+00
  95.449227    714.155    708.390   3.327455     5.5438    33.8702    0.50951    30.5708   1834.250  0.000e+00
  95.449230    714.262    708.497   3.325289     5.5432    33.8463    0.50958    30.5750   1834.500  0.000e+00
  95.449233    714.434    708.667   3.319933     5.5297    33.7991    0.50965    30.5792   1834.750  0.000e+00
  95.449236    714.659    708.890   3.316605     5.5075    33.7835    0.50972    30.5833   1835.000  0.000e+00
  95.449239    714.863    709.092   3.315227     5.4820    33.7932    0.50979    30.5875   1835.250  0.000e+00
  95.449242    715.078    709.305   3.315290     5.4594    33.8164    0.50986    30.5917   1835.500  0.000e+00
  95.449245    715.303    709.528   3.315341     5.4440    33.8323    0.50993    30.5958   1835.750  0.000e+00
  95.449248    715.518    709.741   3.316031     5.4348    33.8492    0.51000    30.6000   1836.000  0.000e+00
  95.449251    715.722    709.943   3.316259     5.4303    33.8562    0.51007    30.6042   1836.250  0.000e+00
  95.449253    715.926    710.145   3.316119     5.4274    33.8574    0.51014    30.6083   1836.500  0.000e+00
  95.449256    716.130    710.346   3.315417     5.4234    33.8534    0.51021    30.6125   1836.750  0.000e+00
  95.449259    716.302    710.517   3.315228     5.4170    33.8575    0.51028    30.6167   1837.000  0.000e+00
  95.449262    716.441    710.655   3.315519     5.4108    33.8670    0.51035    30.6208   1837.250  0.000e+00
  95.449265    716.592    710.804   3.315057     5.4057    33.8668    0.51042    30.6250   1837.500  0.000e+00
