FUNDEIO/20784/SBE37SM-RS232_03720784_2021_04_05.cnv
* Sea-Bird SBE37SM-RS232  Data File:
* FileName = C:\Users\Oceanpact\Desktop\20784\SBE37SM-RS232_03720784_2021_04_05.hex
* Software version SeatermV2 2.8.0.119
* Temperature SN = 20784
* Conductivity SN = 20784
* System UpLoad Time = Apr 05 2021 16:58:56
* sample interval = 60 seconds
* <ApplicationData>
# nquan = 10
# nvalues = 217527                                
# units = specified
# name 0 = timeJ: Julian Days
# name 1 = prdM: Pressure, Strain Gauge [db]
# name 2 = depSM: Depth [salt water, m], lat = -25.00
# name 3 = cond0S/m: Conductivity [S/m]
# name 4 = tv290C: Temperature [ITS-90, deg C]
# name 5 = sal00: Salinity, Practical [PSU]
# name 6 = timeH: Time, Elapsed [hours]
# name 7 = timeM: Time, Elapsed [minutes]
# name 8 = timeS: Time, Elapsed [seconds]
# name 9 = flag:  0.000e+00
# span 0 = 310.606725, 461.666447                 
# span 1 =     -0.338,   1124.297                 
# span 2 =     -0.336,   1114.053                 
# span 3 =  -0.000036,   5.920874                 
# span 4 =     3.4846,    28.4629                 
# span 5 =     0.0000,    37.3249                 
# span 6 =    0.00000, 3625.43333                 
# span 7 =     0.0000, 217526.000                 
# span 8 =      0.000, 13051560.0                 
# span 9 = 0.0000e+00, 0.0000e+00                 
# interval = seconds: 60
# start_time = Nov 05 2020 14:33:41 [Instrument's time stamp, first data scan]
# bad_flag = -9.990e-29
*END*
[from data line 8073]
 455.677558   1119.104   1108.921   3.228778     3.6944    34.4170 3481.70000 208902.000 12534120.0  0.000e+00
 455.678252   1119.102   1108.919   3.228778     3.6945    34.4168 3481.71667 208903.000 12534180.0  0.000e+00
 455.678947   1119.115   1108.931   3.228790     3.6948    34.4167 3481.73333 208904.000 12534240.0  0.000e+00
 455.679641   1119.091   1108.908   3.228802     3.6952    34.4164 3481.75000 208905.000 12534300.0  0.000e+00
 455.680336   1119.113   1108.930   3.228838     3.6954    34.4166 3481.76667 208906.000 12534360.0  0.000e+00
 455.681030   1119.145   1108.962   3.228850     3.6954    34.4167 3481.78333 208907.000 12534420.0  0.000e+00
 455.681725   1119.125   1108.942   3.228868     3.6954    34.4169 3481.80000 208908.000 12534480.0  0.000e+00
 455.682419   1119.134   1108.951   3.228856     3.6962    34.4160 3481.81667 208909.000 12534540.0  0.000e+00
 455.683113   1119.134   1108.951   3.228880     3.6962    34.4163 3481.83333 208910.000 12534600.0  0.000e+00
 455.683808   1119.158   1108.974   3.228886     3.6961    34.4164 3481.85000 208911.000 12534660.0  0.000e+00
 455.684502   1119.158   1108.974   3.228910     3.6970    34.4158 3481.86667 208912.000 12534720.0  0.000e+00
 455.685197   1119.156   1108.972   3.228934     3.6962    34.4169 3481.88333 208913.000 12534780.0  0.000e+00
 455.685891   1119.147   1108.964   3.228928     3.6961    34.4170 3481.90000 208914.000 12534840.0  0.000e+00
 455.686586   1119.156   1108.972   3.228922     3.6958    34.4171 3481.91667 208915.000 12534900.0  0.000e+00
 455.687280   1119.147   1108.964   3.228904     3.6962    34.4165 3481.93333 208916.000 12534960.0  0.000e+00
 455.687975   1119.156   1108.972   3.228898     3.6960    34.4166 3481.95000 208917.000 12535020.0  0.000e+00
 455.688669   1119.180   1108.996   3.228898     3.6961    34.4166 3481.96667 208918.000 12535080.0  0.000e+00
 455.689363   1119.178   1108.994   3.228886     3.6952    34.4174 3481.98333 208919.000 12535140.0  0.000e+00
 455.690058   1119.178   1108.994   3.228874     3.6953    34.4171 3482.00000 208920.000 12535200.0  0.000e+00
 455.690752   1119.189   1109.005   3.228868     3.6951    34.4172 3482.01667 208921.000 12535260.0  0.000e+00
 455.691447   1119.199   1109.015   3.228868     3.6958    34.4165 3482.03333 208922.000 12535320.0  0.000e+00
 455.692141   1119.199   1109.015   3.228880     3.6965    34.4159 3482.05000 208923.000 12535380.0  0.000e+00
 455.692836   1119.212   1109.028   3.228922     3.6982    34.4147 3482.06667 208924.000 12535440.0  0.000e+00
 455.693530   1119.201   1109.017   3.228982     3.6980    34.4156 3482.08333 208925.000 12535500.0  0.000e+00
 455.694225   1119.210   1109.026   3.229030     3.6972    34.4169 3482.10000 208926.000 12535560.0  0.000e+00
 455.694919   1119.201   1109.017   3.229042     3.6982    34.4161 3482.11667 208927.000 12535620.0  0.000e+00
 455.695613   1119.210   1109.026   3.229054     3.6977    34.4167 3482.13333 208928.000 12535680.0  0.000e+00
 455.696308   1119.234   1109.049   3.229054     3.6988    34.4155 3482.15000 208929.000 12535740.0  0.000e+00
 455.697002   1119.223   1109.039   3.229072     3.6986    34.4160 3482.16667 208930.000 12535800.0  0.000e+00
 455.697697   1119.232   1109.047   3.229072     3.6988    34.4157 3482.18333 208931.000 12535860.0  0.000e+00
 455.698391   1119.223   1109.039   3.229102     3.7000    34.4149 3482.20000 208932.000 12535920.0  0.000e+00
 455.699086   1119.232   1109.047   3.229156     3.6997    34.4158 3482.21667 208933.000 12535980.0  0.000e+00
 455.699780   1119.245   1109.060   3.229174     3.6991    34.4166 3482.23333 208934.000 12536040.0  0.000e+00
 455.700475   1119.232   1109.047   3.229168     3.7000    34.4156 3482.25000 208935.000 12536100.0  0.000e+00
 455.701169   1119.243   1109.058   3.229180     3.6999    34.4159 3482.26667 208936.000 12536160.0  0.000e+00
 455.701863   1119.256   1109.071   3.229180     3.7015    34.4142 3482.28333 208937.000 12536220.0  0.000e+00
 455.702558   1119.265   1109.080   3.229222     3.7019    34.4143 3482.30000 208938.000 12536280.0  0.000e+00
 455.703252   1119.265   1109.080   3.229252     3.7010    34.4156 3482.31667 208939.000 12536340.0  0.000e+00
 455.703947   1119.265   1109.080   3.229252     3.7014    34.4151 3482.33333 208940.000 12536400.0  0.000e+00
 455.704641   1119.265   1109.080   3.229270     3.7019    34.4148 3482.35000 208941.000 12536460.0  0.000e+00
 455.705336   1119.275   1109.090   3.229348     3.7056    34.4120 3482.36667 208942.000 12536520.0  0.000e+00
 455.706030   1119.265   1109.080   3.229450     3.7067    34.4120 3482.38333 208943.000 12536580.0  0.000e+00
 455.706725   1119.275   1109.090   3.229594     3.7097    34.4106 3482.40000 208944.000 12536640.0  0.000e+00
 455.707419   1119.277   1109.092   3.229726     3.7075    34.4144 3482.41667 208945.000 12536700.0  0.000e+00
 455.708113   1119.286   1109.101   3.229870     3.7043    34.4194 3482.43333 208946.000 12536760.0  0.000e+00
 455.708808   1119.275   1109.090   3.229816     3.7115    34.4114 3482.45000 208947.000 12536820.0  0.000e+00
 455.709502   1119.297   1109.112   3.229906     3.7115    34.4124 3482.46667 208948.000 12536880.0  0.000e+00
 455.710197   1119.286   1109.101   3.230002     3.7092    34.4160 3482.48333 208949.000 12536940.0  0.000e+00
 455.710891   1119.308   1109.122   3.229972     3.7101    34.4146 3482.50000 208950.000 12537000.0  0.000e+00
 455.711586   1119.297   1109.112   3.229888     3.7068    34.4171 3482.51667 208951.000 12537060.0  0.000e+00
 455.712280   1119.308   1109.122   3.229846     3.7110    34.4122 3482.53333 208952.000 12537120.0  0.000e+00
 455.712975   1119.308   1109.122   3.229900     3.7135    34.4102 3482.55000 208953.000 12537180.0  0.000e+00
 455.713669   1119.319   1109.133   3.229978     3.7164    34.4081 3482.56667 208954.000 12537240.0  0.000e+00
 455.714363   1119.308   1109.122   3.230200     3.7204    34.4066 3482.58333 208955.000 12537300.0  0.000e+00
 455.715058   1119.319   1109.133   3.230458     3.7169    34.4132 3482.60000 208956.000 12537360.0  0.000e+00
 455.715752   1119.319   1109.133   3.230500     3.7203    34.4102 3482.61667 208957.000 12537420.0  0.000e+00
 455.716447   1119.330   1109.144   3.230638     3.7229    34.4091 3482.63333 208958.000 12537480.0  0.000e+00
 455.717141   1119.330   1109.144   3.230776     3.7273    34.4062 3482.65000 208959.000 12537540.0  0.000e+00
 455.717836   1119.330   1109.144   3.230902     3.7228    34.4124 3482.66667 208960.000 12537600.0  0.000e+00
 455.718530   1119.330   1109.144   3.230980     3.7232    34.4129 3482.68333 208961.000 12537660.0  0.000e+00
 455.719225   1119.331   1109.146   3.230950     3.7178    34.4181 3482.70000 208962.000 12537720.0  0.000e+00
 455.719919   1119.348   1109.162   3.230782     3.7164    34.4176 3482.71667 208963.000 12537780.0  0.000e+00
 455.720613   1119.351   1109.165   3.230578     3.7150    34.4167 3482.73333 208964.000 12537840.0  0.000e+00
 455.721308   1119.362   1109.176   3.230434     3.7152    34.4147 3482.75000 208965.000 12537900.0  0.000e+00
 455.722002   1119.351   1109.165   3.230386     3.7166    34.4127 3482.76667 208966.000 12537960.0  0.000e+00
 455.722697   1119.362   1109.176   3.230362     3.7193    34.4097 3482.78333 208967.000 12538020.0  0.000e+00
 455.723391   1119.362   1109.176   3.230416     3.7168    34.4128 3482.80000 208968.000 12538080.0  0.000e+00
 455.724086   1119.351   1109.165   3.230410     3.7204    34.4091 3482.81667 208969.000 12538140.0  0.000e+00
 455.724780   1119.362   1109.176   3.230482     3.7183    34.4121 3482.83333 208970.000 12538200.0  0.000e+00
 455.725475   1119.362   1109.176   3.230428     3.7066    34.4236 3482.85000 208971.000 12538260.0  0.000e+00
 455.726169   1119.384   1109.198   3.230194     3.7106    34.4167 3482.86667 208972.000 12538320.0  0.000e+00
 455.726863   1119.384   1109.198   3.230038     3.7093    34.4162 3482.88333 208973.000 12538380.0  0.000e+00
 455.727558   1119.384   1109.198   3.229900     3.7072    34.4167 3482.90000 208974.000 12538440.0  0.000e+00
 455.728252   1119.384   1109.198   3.229756     3.7047    34.4177 3482.91667 208975.000 12538500.0  0.000e+00
 455.728947   1119.384   1109.198   3.229648     3.7053    34.4158 3482.93333 208976.000 12538560.0  0.000e+00
 455.729641   1119.386   1109.199   3.229588     3.7044    34.4160 3482.95000 208977.000 12538620.0  0.000e+00
 455.730336   1119.386   1109.199   3.229546     3.7054    34.4144 3482.96667 208978.000 12538680.0  0.000e+00
 455.731030   1119.393   1109.206   3.229528     3.7059    34.4137 3482.98333 208979.000 12538740.0  0.000e+00
 455.731725   1119.384   1109.198   3.229564     3.7081    34.4118 3483.00000 208980.000 12538800.0  0.000e+00
 455.732419   1119.395   1109.208   3.229594     3.7073    34.4130 3483.01667 208981.000 12538860.0  0.000e+00
 455.733113   1119.414   1109.228   3.229660     3.7076    34.4135 3483.03333 208982.000 12538920.0  0.000e+00
 455.733808   1119.404   1109.217   3.229720     3.7084    34.4134 3483.05000 208983.000 12538980.0  0.000e+00
 455.734502   1119.395   1109.208   3.229768     3.7070    34.4154 3483.06667 208984.000 12539040.0  0.000e+00
 455.735197   1119.404   1109.217   3.229786     3.7106    34.4119 3483.08333 208985.000 12539100.0  0.000e+00
 455.735891   1119.406   1109.219   3.229834     3.7097    34.4134 3483.10000 208986.000 12539160.0  0.000e+00
 455.736586   1119.416   1109.230   3.229894     3.7144    34.4092 3483.11667 208987.000 12539220.0  0.000e+00
 455.737280   1119.416   1109.230   3.230020     3.7123    34.4128 3483.13333 208988.000 12539280.0  0.000e+00
 455.737975   1119.416   1109.230   3.230098     3.7146    34.4113 3483.15000 208989.000 12539340.0  0.000e+00
 455.738669   1119.416   1109.230   3.230212     3.7197    34.4074 3483.16667 208990.000 12539400.0  0.000e+00
 455.739363   1119.438   1109.251   3.230434     3.7290    34.4003 3483.18333 208991.000 12539460.0  0.000e+00
 455.740058   1119.438   1109.251   3.230812     3.7310    34.4027 3483.20000 208992.000 12539520.0  0.000e+00
 455.740752   1119.416   1109.230   3.231155     3.7319    34.4058 3483.21667 208993.000 12539580.0  0.000e+00
 455.741447   1119.425   1109.239   3.231317     3.7355    34.4040 3483.23333 208994.000 12539640.0  0.000e+00
 455.742141   1119.427   1109.240   3.231545     3.7348    34.4075 3483.25000 208995.000 12539700.0  0.000e+00
 455.742836   1119.438   1109.251   3.231479     3.7224    34.4195 3483.26667 208996.000 12539760.0  0.000e+00
 455.743530   1119.449   1109.262   3.231215     3.7324    34.4060 3483.28333 208997.000 12539820.0  0.000e+00
 455.744225   1119.449   1109.262   3.231443     3.7395    34.4013 3483.30000 208998.000 12539880.0  0.000e+00
 455.744919   1119.460   1109.273   3.231653     3.7222    34.4218 3483.31667 208999.000 12539940.0  0.000e+00
 455.745613   1119.460   1109.273   3.231425     3.7316    34.4094 3483.33333 209000.000 12540000.0  0.000e+00
 455.746308   1119.447   1109.260   3.231413     3.7308    34.4101 3483.35000 209001.000 12540060.0  0.000e+00
 455.747002   1119.471   1109.283   3.231209     3.7237    34.4150 3483.36667 209002.000 12540120.0  0.000e+00
 455.747697   1119.449   1109.262   3.231106     3.7331    34.4040 3483.38333 209003.000 12540180.0  0.000e+00
 455.748391   1119.460   1109.273   3.231287     3.7368    34.4022 3483.40000 209004.000 12540240.0  0.000e+00
 455.749086   1119.481   1109.294   3.231533     3.7337    34.4084 3483.41667 209005.000 12540300.0  0.000e+00
 455.749780   1119.460   1109.273   3.231605     3.7304    34.4127 3483.43333 209006.000 12540360.0  0.000e+00
 455.750475   1119.460   1109.273   3.231611     3.7396    34.4032 3483.45000 209007.000 12540420.0  0.000e+00
 455.751169   1119.460   1109.273   3.231713     3.7260    34.4186 3483.46667 209008.000 12540480.0  0.000e+00
 455.751863   1119.469   1109.281   3.231353     3.7229    34.4175 3483.48333 209009.000 12540540.0  0.000e+00
 455.752558   1119.471   1109.283   3.231179     3.7275    34.4107 3483.50000 209010.000 12540600.0  0.000e+00
 455.753252   1119.481   1109.294   3.231191     3.7179    34.4208 3483.51667 209011.000 12540660.0  0.000e+00
 455.753947   1119.490   1109.303   3.230921     3.7194    34.4161 3483.53333 209012.000 12540720.0  0.000e+00
 455.754641   1119.480   1109.292   3.230848     3.7196    34.4150 3483.55000 209013.000 12540780.0  0.000e+00
 455.755336   1119.481   1109.294   3.230758     3.7130    34.4208 3483.56667 209014.000 12540840.0  0.000e+00
 455.756030   1119.481   1109.294   3.230458     3.7243    34.4054 3483.58333 209015.000 12540900.0  0.000e+00
 455.756725   1119.481   1109.294   3.230692     3.7317    34.4005 3483.60000 209016.000 12540960.0  0.000e+00
 455.757419   1119.492   1109.305   3.230891     3.7148    34.4205 3483.61667 209017.000 12541020.0  0.000e+00
 455.758113   1119.492   1109.305   3.230644     3.7201    34.4121 3483.63333 209018.000 12541080.0  0.000e+00
 455.758808   1119.492   1109.305   3.230770     3.7289    34.4044 3483.65000 209019.000 12541140.0  0.000e+00
 455.759502   1119.501   1109.314   3.230686     3.7136    34.4194 3483.66667 209020.000 12541200.0  0.000e+00
 455.760197   1119.492   1109.305   3.230530     3.7204    34.4104 3483.68333 209021.000 12541260.0  0.000e+00
 455.760891   1119.516   1109.328   3.230794     3.7402    34.3929 3483.70000 209022.000 12541320.0  0.000e+00
 455.761586   1119.492   1109.305   3.230819     3.7084    34.4263 3483.71667 209023.000 12541380.0  0.000e+00
 455.762280   1119.514   1109.326   3.230410     3.7121    34.4176 3483.73333 209024.000 12541440.0  0.000e+00
 455.762975   1119.492   1109.305   3.230260     3.7140    34.4139 3483.75000 209025.000 12541500.0  0.000e+00
 455.763669   1119.503   1109.315   3.230272     3.7150    34.4130 3483.76667 209026.000 12541560.0  0.000e+00
 455.764363   1119.494   1109.307   3.230200     3.7088    34.4186 3483.78333 209027.000 12541620.0  0.000e+00
 455.765058   1119.503   1109.315   3.230020     3.7095    34.4157 3483.80000 209028.000 12541680.0  0.000e+00
 455.765752   1119.514   1109.326   3.229840     3.7067    34.4164 3483.81667 209029.000 12541740.0  0.000e+00
 455.766447   1119.514   1109.326   3.229750     3.7077    34.4144 3483.83333 209030.000 12541800.0  0.000e+00
 455.767141   1119.503   1109.315   3.229726     3.7074    34.4144 3483.85000 209031.000 12541860.0  0.000e+00
 455.767836   1119.514   1109.326   3.229720     3.7058    34.4160 3483.86667 209032.000 12541920.0  0.000e+00
 455.768530   1119.525   1109.337   3.229696     3.7057    34.4159 3483.88333 209033.000 12541980.0  0.000e+00
 455.769225   1119.516   1109.328   3.229690     3.7071    34.4143 3483.90000 209034.000 12542040.0  0.000e+00
 455.769919   1119.503   1109.315   3.229720     3.7074    34.4143 3483.91667 209035.000 12542100.0  0.000e+00
 455.770613   1119.492   1109.305   3.229720     3.7058    34.4161 3483.93333 209036.000 12542160.0  0.000e+00
 455.771308   1119.503   1109.315   3.229690     3.7078    34.4136 3483.95000 209037.000 12542220.0  0.000e+00
 455.772002   1119.492   1109.305   3.229720     3.7086    34.4131 3483.96667 209038.000 12542280.0  0.000e+00
 455.772697   1119.492   1109.305   3.229852     3.7200    34.4028 3483.98333 209039.000 12542340.0  0.000e+00
 455.773391   1119.503   1109.315   3.230326     3.7185    34.4099 3484.00000 209040.000 12542400.0  0.000e+00
 455.774086   1119.501   1109.314   3.230356     3.7079    34.4214 3484.01667 209041.000 12542460.0  0.000e+00
 455.774780   1119.503   1109.315   3.229990     3.7075    34.4175 3484.03333 209042.000 12542520.0  0.000e+00
 455.775475   1119.503   1109.315   3.229786     3.7101    34.4124 3484.05000 209043.000 12542580.0  0.000e+00
 455.776169   1119.514   1109.326   3.229930     3.7227    34.4009 3484.06667 209044.000 12542640.0  0.000e+00
