FUNDEIO/20784/SBE37SM-RS232_03720784_2021_04_05.cnv
* Sea-Bird SBE37SM-RS232  Data File:
* FileName = C:\Users\Oceanpact\Desktop\20784\SBE37SM-RS232_03720784_2021_04_05.hex
* Software version SeatermV2 2.8.0.119
* Temperature SN = 20784
* Conductivity SN = 20784
* System UpLoad Time = Apr 05 2021 16:58:56
* sample interval = 60 seconds
* <ApplicationData>
# nquan = 10
# nvalues = 217527                                
# units = specified
# name 0 = timeJ: Julian Days
# name 1 = prdM: Pressure, Strain Gauge [db]
# name 2 = depSM: Depth [salt water, m], lat = -25.00
# name 3 = cond0S/m: Conductivity [S/m]
# name 4 = tv290C: Temperature [ITS-90, deg C]
# name 5 = sal00: Salinity, Practical [PSU]
# name 6 = timeH: Time, Elapsed [hours]
# name 7 = timeM: Time, Elapsed [minutes]
# name 8 = timeS: Time, Elapsed [seconds]
# name 9 = flag:  0.000e+00
# span 0 = 310.606725, 461.666447                 
# span 1 =     -0.338,   1124.297                 
# span 2 =     -0.336,   1114.053                 
# span 3 =  -0.000036,   5.920874                 
# span 4 =     3.4846,    28.4629                 
# span 5 =     0.0000,    37.3249                 
# span 6 =    0.00000, 3625.43333                 
# span 7 =     0.0000, 217526.000                 
# span 8 =      0.000, 13051560.0                 
# span 9 = 0.0000e+00, 0.0000e+00                 
# interval = seconds: 60
# start_time = Nov 05 2020 14:33:41 [Instrument's time stamp, first data scan]
# bad_flag = -9.990e-29
*END*
[from data line 13982]
 459.781030   1118.805   1108.626   3.239394     3.8387    34.3923 3580.18333 214811.000 12888660.0  0.000e+00
 459.781725   1118.816   1108.636   3.239394     3.8387    34.3923 3580.20000 214812.000 12888720.0  0.000e+00
 459.782419   1118.838   1108.658   3.239418     3.8398    34.3915 3580.21667 214813.000 12888780.0  0.000e+00
 459.783113   1118.816   1108.636   3.239412     3.8387    34.3925 3580.23333 214814.000 12888840.0  0.000e+00
 459.783808   1118.816   1108.636   3.239376     3.8378    34.3930 3580.25000 214815.000 12888900.0  0.000e+00
 459.784502   1118.827   1108.647   3.239370     3.8387    34.3921 3580.26667 214816.000 12888960.0  0.000e+00
 459.785197   1118.827   1108.647   3.239358     3.8378    34.3928 3580.28333 214817.000 12889020.0  0.000e+00
 459.785891   1118.836   1108.656   3.239238     3.8367    34.3926 3580.30000 214818.000 12889080.0  0.000e+00
 459.786586   1118.827   1108.647   3.239268     3.8365    34.3931 3580.31667 214819.000 12889140.0  0.000e+00
 459.787280   1118.849   1108.669   3.239088     3.8340    34.3936 3580.33333 214820.000 12889200.0  0.000e+00
 459.787975   1118.836   1108.656   3.239040     3.8341    34.3929 3580.35000 214821.000 12889260.0  0.000e+00
 459.788669   1118.849   1108.669   3.239034     3.8341    34.3928 3580.36667 214822.000 12889320.0  0.000e+00
 459.789363   1118.858   1108.677   3.239046     3.8338    34.3933 3580.38333 214823.000 12889380.0  0.000e+00
 459.790058   1118.847   1108.667   3.239028     3.8339    34.3930 3580.40000 214824.000 12889440.0  0.000e+00
 459.790752   1118.838   1108.658   3.238986     3.8331    34.3933 3580.41667 214825.000 12889500.0  0.000e+00
 459.791447   1118.849   1108.669   3.238950     3.8335    34.3925 3580.43333 214826.000 12889560.0  0.000e+00
 459.792141   1118.849   1108.669   3.239064     3.8348    34.3925 3580.45000 214827.000 12889620.0  0.000e+00
 459.792836   1118.838   1108.658   3.239022     3.8350    34.3918 3580.46667 214828.000 12889680.0  0.000e+00
 459.793530   1118.849   1108.669   3.239154     3.8355    34.3928 3580.48333 214829.000 12889740.0  0.000e+00
 459.794225   1118.849   1108.669   3.239184     3.8368    34.3918 3580.50000 214830.000 12889800.0  0.000e+00
 459.794919   1118.849   1108.669   3.239262     3.8361    34.3934 3580.51667 214831.000 12889860.0  0.000e+00
 459.795613   1118.838   1108.658   3.239058     3.8338    34.3934 3580.53333 214832.000 12889920.0  0.000e+00
 459.796308   1118.859   1108.679   3.238962     3.8330    34.3931 3580.55000 214833.000 12889980.0  0.000e+00
 459.797002   1118.870   1108.690   3.238956     3.8330    34.3930 3580.56667 214834.000 12890040.0  0.000e+00
 459.797697   1118.849   1108.669   3.238908     3.8322    34.3934 3580.58333 214835.000 12890100.0  0.000e+00
 459.798391   1118.870   1108.690   3.238871     3.8319    34.3932 3580.60000 214836.000 12890160.0  0.000e+00
 459.799086   1118.868   1108.688   3.238902     3.8322    34.3932 3580.61667 214837.000 12890220.0  0.000e+00
 459.799780   1118.858   1108.677   3.238853     3.8312    34.3937 3580.63333 214838.000 12890280.0  0.000e+00
 459.800475   1118.868   1108.688   3.238853     3.8316    34.3933 3580.65000 214839.000 12890340.0  0.000e+00
 459.801169   1118.870   1108.690   3.238799     3.8307    34.3936 3580.66667 214840.000 12890400.0  0.000e+00
 459.801863   1118.870   1108.690   3.238781     3.8309    34.3932 3580.68333 214841.000 12890460.0  0.000e+00
 459.802558   1118.859   1108.679   3.238805     3.8303    34.3941 3580.70000 214842.000 12890520.0  0.000e+00
 459.803252   1118.870   1108.690   3.238715     3.8300    34.3933 3580.71667 214843.000 12890580.0  0.000e+00
 459.803947   1118.870   1108.690   3.238751     3.8305    34.3932 3580.73333 214844.000 12890640.0  0.000e+00
 459.804641   1118.870   1108.690   3.238721     3.8302    34.3932 3580.75000 214845.000 12890700.0  0.000e+00
 459.805336   1118.881   1108.701   3.238709     3.8295    34.3938 3580.76667 214846.000 12890760.0  0.000e+00
 459.806030   1118.870   1108.690   3.238655     3.8293    34.3933 3580.78333 214847.000 12890820.0  0.000e+00
 459.806725   1118.881   1108.701   3.238625     3.8291    34.3932 3580.80000 214848.000 12890880.0  0.000e+00
 459.807419   1118.879   1108.699   3.238553     3.8262    34.3954 3580.81667 214849.000 12890940.0  0.000e+00
 459.808113   1118.881   1108.701   3.238259     3.8224    34.3959 3580.83333 214850.000 12891000.0  0.000e+00
 459.808808   1118.881   1108.701   3.238126     3.8203    34.3964 3580.85000 214851.000 12891060.0  0.000e+00
 459.809502   1118.881   1108.701   3.238181     3.8220    34.3953 3580.86667 214852.000 12891120.0  0.000e+00
 459.810197   1118.903   1108.722   3.238006     3.8198    34.3955 3580.88333 214853.000 12891180.0  0.000e+00
 459.810891   1118.892   1108.711   3.237886     3.8194    34.3945 3580.90000 214854.000 12891240.0  0.000e+00
 459.811586   1118.892   1108.711   3.237862     3.8193    34.3943 3580.91667 214855.000 12891300.0  0.000e+00
 459.812280   1118.894   1108.713   3.237844     3.8183    34.3952 3580.93333 214856.000 12891360.0  0.000e+00
 459.812975   1118.892   1108.711   3.237796     3.8183    34.3946 3580.95000 214857.000 12891420.0  0.000e+00
 459.813669   1118.914   1108.733   3.237784     3.8176    34.3952 3580.96667 214858.000 12891480.0  0.000e+00
 459.814363   1118.892   1108.711   3.237712     3.8164    34.3956 3580.98333 214859.000 12891540.0  0.000e+00
 459.815058   1118.903   1108.722   3.237670     3.8170    34.3945 3581.00000 214860.000 12891600.0  0.000e+00
 459.815752   1118.903   1108.722   3.237700     3.8172    34.3946 3581.01667 214861.000 12891660.0  0.000e+00
 459.816447   1118.925   1108.744   3.237682     3.8157    34.3960 3581.03333 214862.000 12891720.0  0.000e+00
 459.817141   1118.914   1108.733   3.237508     3.8140    34.3957 3581.05000 214863.000 12891780.0  0.000e+00
 459.817836   1118.914   1108.733   3.237532     3.8160    34.3939 3581.06667 214864.000 12891840.0  0.000e+00
 459.818530   1118.923   1108.742   3.237652     3.8157    34.3956 3581.08333 214865.000 12891900.0  0.000e+00
 459.819225   1118.916   1108.735   3.237706     3.8175    34.3944 3581.10000 214866.000 12891960.0  0.000e+00
 459.819919   1118.914   1108.733   3.237586     3.8133    34.3973 3581.11667 214867.000 12892020.0  0.000e+00
 459.820613   1118.926   1108.745   3.237700     3.8168    34.3950 3581.13333 214868.000 12892080.0  0.000e+00
 459.821308   1118.925   1108.744   3.237796     3.8174    34.3956 3581.15000 214869.000 12892140.0  0.000e+00
 459.822002   1118.935   1108.754   3.237700     3.8158    34.3961 3581.16667 214870.000 12892200.0  0.000e+00
 459.822697   1118.914   1108.733   3.237688     3.8152    34.3965 3581.18333 214871.000 12892260.0  0.000e+00
 459.823391   1118.926   1108.745   3.237658     3.8155    34.3959 3581.20000 214872.000 12892320.0  0.000e+00
 459.824086   1118.935   1108.754   3.237634     3.8154    34.3958 3581.21667 214873.000 12892380.0  0.000e+00
 459.824780   1118.946   1108.765   3.237748     3.8163    34.3961 3581.23333 214874.000 12892440.0  0.000e+00
 459.825475   1118.925   1108.744   3.237670     3.8159    34.3956 3581.25000 214875.000 12892500.0  0.000e+00
 459.826169   1118.935   1108.754   3.237586     3.8142    34.3964 3581.26667 214876.000 12892560.0  0.000e+00
 459.826863   1118.925   1108.744   3.237598     3.8149    34.3958 3581.28333 214877.000 12892620.0  0.000e+00
 459.827558   1118.935   1108.754   3.237646     3.8156    34.3956 3581.30000 214878.000 12892680.0  0.000e+00
 459.828252   1118.935   1108.754   3.237676     3.8149    34.3967 3581.31667 214879.000 12892740.0  0.000e+00
 459.828947   1118.935   1108.754   3.237712     3.8158    34.3962 3581.33333 214880.000 12892800.0  0.000e+00
 459.829641   1118.937   1108.756   3.237718     3.8155    34.3966 3581.35000 214881.000 12892860.0  0.000e+00
 459.830336   1118.935   1108.754   3.237724     3.8156    34.3966 3581.36667 214882.000 12892920.0  0.000e+00
 459.831030   1118.946   1108.765   3.237766     3.8161    34.3966 3581.38333 214883.000 12892980.0  0.000e+00
 459.831725   1118.935   1108.754   3.237676     3.8151    34.3966 3581.40000 214884.000 12893040.0  0.000e+00
 459.832419   1118.946   1108.765   3.237640     3.8151    34.3961 3581.41667 214885.000 12893100.0  0.000e+00
 459.833113   1118.957   1108.776   3.237616     3.8143    34.3967 3581.43333 214886.000 12893160.0  0.000e+00
 459.833808   1118.937   1108.756   3.237604     3.8143    34.3965 3581.45000 214887.000 12893220.0  0.000e+00
 459.834502   1118.957   1108.776   3.237580     3.8143    34.3962 3581.46667 214888.000 12893280.0  0.000e+00
 459.835197   1118.946   1108.765   3.237610     3.8143    34.3965 3581.48333 214889.000 12893340.0  0.000e+00
 459.835891   1118.946   1108.765   3.237610     3.8142    34.3967 3581.50000 214890.000 12893400.0  0.000e+00
 459.836586   1118.946   1108.765   3.237598     3.8139    34.3968 3581.51667 214891.000 12893460.0  0.000e+00
 459.837280   1118.946   1108.765   3.237598     3.8137    34.3970 3581.53333 214892.000 12893520.0  0.000e+00
 459.837975   1118.935   1108.754   3.237598     3.8145    34.3963 3581.55000 214893.000 12893580.0  0.000e+00
 459.838669   1118.935   1108.754   3.237610     3.8146    34.3963 3581.56667 214894.000 12893640.0  0.000e+00
 459.839363   1118.935   1108.754   3.237604     3.8136    34.3973 3581.58333 214895.000 12893700.0  0.000e+00
 459.840058   1118.957   1108.776   3.237580     3.8138    34.3967 3581.60000 214896.000 12893760.0  0.000e+00
 459.840752   1118.957   1108.776   3.237520     3.8132    34.3967 3581.61667 214897.000 12893820.0  0.000e+00
 459.841447   1118.957   1108.776   3.237508     3.8134    34.3963 3581.63333 214898.000 12893880.0  0.000e+00
 459.842141   1118.959   1108.778   3.237532     3.8131    34.3969 3581.65000 214899.000 12893940.0  0.000e+00
 459.842836   1118.957   1108.776   3.237544     3.8135    34.3966 3581.66667 214900.000 12894000.0  0.000e+00
 459.843530   1118.968   1108.786   3.237550     3.8136    34.3966 3581.68333 214901.000 12894060.0  0.000e+00
 459.844225   1118.968   1108.786   3.237544     3.8131    34.3970 3581.70000 214902.000 12894120.0  0.000e+00
 459.844919   1118.946   1108.765   3.237520     3.8133    34.3966 3581.71667 214903.000 12894180.0  0.000e+00
 459.845613   1118.968   1108.786   3.237532     3.8133    34.3967 3581.73333 214904.000 12894240.0  0.000e+00
 459.846308   1118.968   1108.786   3.237538     3.8136    34.3964 3581.75000 214905.000 12894300.0  0.000e+00
 459.847002   1118.979   1108.797   3.237514     3.8128    34.3969 3581.76667 214906.000 12894360.0  0.000e+00
 459.847697   1118.959   1108.778   3.237532     3.8135    34.3965 3581.78333 214907.000 12894420.0  0.000e+00
 459.848391   1118.957   1108.776   3.237538     3.8129    34.3972 3581.80000 214908.000 12894480.0  0.000e+00
 459.849086   1118.957   1108.776   3.237472     3.8123    34.3970 3581.81667 214909.000 12894540.0  0.000e+00
 459.849780   1118.970   1108.788   3.237514     3.8128    34.3970 3581.83333 214910.000 12894600.0  0.000e+00
 459.850475   1118.990   1108.808   3.237508     3.8128    34.3969 3581.85000 214911.000 12894660.0  0.000e+00
 459.851169   1118.979   1108.797   3.237490     3.8116    34.3980 3581.86667 214912.000 12894720.0  0.000e+00
 459.851863   1118.959   1108.778   3.237490     3.8126    34.3969 3581.88333 214913.000 12894780.0  0.000e+00
 459.852558   1118.968   1108.786   3.237460     3.8117    34.3975 3581.90000 214914.000 12894840.0  0.000e+00
 459.853252   1118.977   1108.795   3.237448     3.8120    34.3970 3581.91667 214915.000 12894900.0  0.000e+00
 459.853947   1118.970   1108.788   3.237436     3.8123    34.3965 3581.93333 214916.000 12894960.0  0.000e+00
 459.854641   1118.979   1108.797   3.237472     3.8119    34.3974 3581.95000 214917.000 12895020.0  0.000e+00
 459.855336   1118.968   1108.786   3.237460     3.8126    34.3965 3581.96667 214918.000 12895080.0  0.000e+00
 459.856030   1118.979   1108.797   3.237418     3.8113    34.3974 3581.98333 214919.000 12895140.0  0.000e+00
 459.856725   1118.990   1108.808   3.237424     3.8117    34.3970 3582.00000 214920.000 12895200.0  0.000e+00
 459.857419   1118.981   1108.799   3.237424     3.8120    34.3968 3582.01667 214921.000 12895260.0  0.000e+00
 459.858113   1118.968   1108.786   3.237466     3.8117    34.3976 3582.03333 214922.000 12895320.0  0.000e+00
 459.858808   1118.979   1108.797   3.237460     3.8125    34.3966 3582.05000 214923.000 12895380.0  0.000e+00
 459.859502   1118.990   1108.808   3.237478     3.8123    34.3971 3582.06667 214924.000 12895440.0  0.000e+00
 459.860197   1118.979   1108.797   3.237448     3.8116    34.3974 3582.08333 214925.000 12895500.0  0.000e+00
 459.860891   1118.968   1108.786   3.237394     3.8108    34.3976 3582.10000 214926.000 12895560.0  0.000e+00
 459.861586   1118.981   1108.799   3.237340     3.8102    34.3976 3582.11667 214927.000 12895620.0  0.000e+00
 459.862280   1119.002   1108.820   3.237291     3.8093    34.3980 3582.13333 214928.000 12895680.0  0.000e+00
 459.862975   1118.990   1108.808   3.237388     3.8119    34.3964 3582.15000 214929.000 12895740.0  0.000e+00
 459.863669   1118.990   1108.808   3.237430     3.8114    34.3974 3582.16667 214930.000 12895800.0  0.000e+00
 459.864363   1118.990   1108.808   3.237424     3.8118    34.3970 3582.18333 214931.000 12895860.0  0.000e+00
 459.865058   1118.981   1108.799   3.237358     3.8108    34.3972 3582.20000 214932.000 12895920.0  0.000e+00
 459.865752   1119.000   1108.819   3.237352     3.8106    34.3973 3582.21667 214933.000 12895980.0  0.000e+00
 459.866447   1118.979   1108.797   3.237388     3.8116    34.3967 3582.23333 214934.000 12896040.0  0.000e+00
 459.867141   1118.990   1108.808   3.237382     3.8110    34.3973 3582.25000 214935.000 12896100.0  0.000e+00
 459.867836   1119.000   1108.819   3.237334     3.8102    34.3976 3582.26667 214936.000 12896160.0  0.000e+00
 459.868530   1119.002   1108.820   3.237352     3.8109    34.3970 3582.28333 214937.000 12896220.0  0.000e+00
 459.869225   1119.013   1108.831   3.237340     3.8106    34.3972 3582.30000 214938.000 12896280.0  0.000e+00
 459.869919   1119.011   1108.829   3.237352     3.8101    34.3979 3582.31667 214939.000 12896340.0  0.000e+00
 459.870613   1118.990   1108.808   3.237316     3.8096    34.3979 3582.33333 214940.000 12896400.0  0.000e+00
 459.871308   1119.011   1108.829   3.237303     3.8100    34.3974 3582.35000 214941.000 12896460.0  0.000e+00
 459.872002   1119.000   1108.819   3.237267     3.8082    34.3989 3582.36667 214942.000 12896520.0  0.000e+00
 459.872697   1119.002   1108.820   3.237177     3.8072    34.3988 3582.38333 214943.000 12896580.0  0.000e+00
 459.873391   1119.011   1108.829   3.237165     3.8088    34.3970 3582.40000 214944.000 12896640.0  0.000e+00
 459.874086   1118.991   1108.810   3.237147     3.8076    34.3981 3582.41667 214945.000 12896700.0  0.000e+00
 459.874780   1119.000   1108.819   3.237135     3.8082    34.3972 3582.43333 214946.000 12896760.0  0.000e+00
 459.875475   1119.013   1108.831   3.237135     3.8068    34.3987 3582.45000 214947.000 12896820.0  0.000e+00
 459.876169   1119.022   1108.840   3.237159     3.8082    34.3975 3582.46667 214948.000 12896880.0  0.000e+00
 459.876863   1119.024   1108.842   3.237165     3.8082    34.3976 3582.48333 214949.000 12896940.0  0.000e+00
 459.877558   1119.000   1108.819   3.237099     3.8072    34.3979 3582.50000 214950.000 12897000.0  0.000e+00
 459.878252   1119.013   1108.831   3.237099     3.8074    34.3977 3582.51667 214951.000 12897060.0  0.000e+00
 459.878947   1119.000   1108.819   3.237093     3.8070    34.3981 3582.53333 214952.000 12897120.0  0.000e+00
 459.879641   1119.000   1108.819   3.237075     3.8070    34.3978 3582.55000 214953.000 12897180.0  0.000e+00
 459.880336   1119.009   1108.827   3.237075     3.8067    34.3981 3582.56667 214954.000 12897240.0  0.000e+00
