FUNDEIO/20784/SBE37SM-RS232_03720784_2021_04_05.cnv
* Sea-Bird SBE37SM-RS232  Data File:
* FileName = C:\Users\Oceanpact\Desktop\20784\SBE37SM-RS232_03720784_2021_04_05.hex
* Software version SeatermV2 2.8.0.119
* Temperature SN = 20784
* Conductivity SN = 20784
* System UpLoad Time = Apr 05 2021 16:58:56
* sample interval = 60 seconds
* <ApplicationData>
# nquan = 10
# nvalues = 217527                                
# units = specified
# name 0 = timeJ: Julian Days
# name 1 = prdM: Pressure, Strain Gauge [db]
# name 2 = depSM: Depth [salt water, m], lat = -25.00
# name 3 = cond0S/m: Conductivity [S/m]
# name 4 = tv290C: Temperature [ITS-90, deg C]
# name 5 = sal00: Salinity, Practical [PSU]
# name 6 = timeH: Time, Elapsed [hours]
# name 7 = timeM: Time, Elapsed [minutes]
# name 8 = timeS: Time, Elapsed [seconds]
# name 9 = flag:  0.000e+00
# span 0 = 310.606725, 461.666447                 
# span 1 =     -0.338,   1124.297                 
# span 2 =     -0.336,   1114.053                 
# span 3 =  -0.000036,   5.920874                 
# span 4 =     3.4846,    28.4629                 
# span 5 =     0.0000,    37.3249                 
# span 6 =    0.00000, 3625.43333                 
# span 7 =     0.0000, 217526.000                 
# span 8 =      0.000, 13051560.0                 
# span 9 = 0.0000e+00, 0.0000e+00                 
# interval = seconds: 60
# start_time = Nov 05 2020 14:33:41 [Instrument's time stamp, first data scan]
# bad_flag = -9.990e-29
*END*
[from data line 14991]
 460.481725   1118.894   1108.713   3.236306     3.7988    34.3973 3597.00000 215820.000 12949200.0  0.000e+00
 460.482419   1118.883   1108.703   3.236360     3.7993    34.3974 3597.01667 215821.000 12949260.0  0.000e+00
 460.483113   1118.892   1108.711   3.236420     3.8004    34.3971 3597.03333 215822.000 12949320.0  0.000e+00
 460.483808   1118.892   1108.711   3.236468     3.8005    34.3974 3597.05000 215823.000 12949380.0  0.000e+00
 460.484502   1118.892   1108.711   3.236511     3.7999    34.3986 3597.06667 215824.000 12949440.0  0.000e+00
 460.485197   1118.881   1108.701   3.236529     3.8003    34.3984 3597.08333 215825.000 12949500.0  0.000e+00
 460.485891   1118.903   1108.722   3.236553     3.8027    34.3961 3597.10000 215826.000 12949560.0  0.000e+00
 460.486586   1118.883   1108.703   3.236637     3.8029    34.3969 3597.11667 215827.000 12949620.0  0.000e+00
 460.487280   1118.892   1108.711   3.236691     3.8032    34.3973 3597.13333 215828.000 12949680.0  0.000e+00
 460.487975   1118.890   1108.710   3.236727     3.8022    34.3988 3597.15000 215829.000 12949740.0  0.000e+00
 460.488669   1118.883   1108.703   3.236721     3.8040    34.3969 3597.16667 215830.000 12949800.0  0.000e+00
 460.489363   1118.883   1108.703   3.236769     3.8033    34.3981 3597.18333 215831.000 12949860.0  0.000e+00
 460.490058   1118.892   1108.711   3.236793     3.8043    34.3974 3597.20000 215832.000 12949920.0  0.000e+00
 460.490752   1118.892   1108.711   3.236829     3.8048    34.3972 3597.21667 215833.000 12949980.0  0.000e+00
 460.491447   1118.881   1108.701   3.236853     3.8050    34.3974 3597.23333 215834.000 12950040.0  0.000e+00
 460.492141   1118.892   1108.711   3.236877     3.8054    34.3972 3597.25000 215835.000 12950100.0  0.000e+00
 460.492836   1118.894   1108.713   3.236895     3.8056    34.3972 3597.26667 215836.000 12950160.0  0.000e+00
 460.493530   1118.903   1108.722   3.236919     3.8055    34.3976 3597.28333 215837.000 12950220.0  0.000e+00
 460.494225   1118.881   1108.701   3.236943     3.8059    34.3975 3597.30000 215838.000 12950280.0  0.000e+00
 460.494919   1118.883   1108.703   3.236961     3.8064    34.3971 3597.31667 215839.000 12950340.0  0.000e+00
 460.495613   1118.870   1108.690   3.236979     3.8067    34.3971 3597.33333 215840.000 12950400.0  0.000e+00
 460.496308   1118.872   1108.692   3.237003     3.8068    34.3972 3597.35000 215841.000 12950460.0  0.000e+00
 460.497002   1118.872   1108.692   3.237021     3.8069    34.3974 3597.36667 215842.000 12950520.0  0.000e+00
 460.497697   1118.892   1108.711   3.237039     3.8100    34.3944 3597.38333 215843.000 12950580.0  0.000e+00
 460.498391   1118.881   1108.701   3.237087     3.8079    34.3971 3597.40000 215844.000 12950640.0  0.000e+00
 460.499086   1118.881   1108.701   3.237093     3.8076    34.3975 3597.41667 215845.000 12950700.0  0.000e+00
 460.499780   1118.859   1108.679   3.237111     3.8108    34.3944 3597.43333 215846.000 12950760.0  0.000e+00
 460.500475   1118.894   1108.713   3.237177     3.8083    34.3977 3597.45000 215847.000 12950820.0  0.000e+00
 460.501169   1118.881   1108.701   3.237213     3.8133    34.3930 3597.46667 215848.000 12950880.0  0.000e+00
 460.501863   1118.881   1108.701   3.237333     3.8123    34.3955 3597.48333 215849.000 12950940.0  0.000e+00
 460.502558   1118.881   1108.701   3.237370     3.8143    34.3938 3597.50000 215850.000 12951000.0  0.000e+00
 460.503252   1118.859   1108.679   3.237484     3.8156    34.3937 3597.51667 215851.000 12951060.0  0.000e+00
 460.503947   1118.872   1108.692   3.237610     3.8174    34.3933 3597.53333 215852.000 12951120.0  0.000e+00
 460.504641   1118.859   1108.679   3.237712     3.8184    34.3935 3597.55000 215853.000 12951180.0  0.000e+00
 460.505336   1118.872   1108.692   3.237826     3.8166    34.3968 3597.56667 215854.000 12951240.0  0.000e+00
 460.506030   1118.861   1108.681   3.237850     3.8163    34.3974 3597.58333 215855.000 12951300.0  0.000e+00
 460.506725   1118.872   1108.692   3.237808     3.8153    34.3979 3597.60000 215856.000 12951360.0  0.000e+00
 460.507419   1118.872   1108.692   3.237790     3.8155    34.3975 3597.61667 215857.000 12951420.0  0.000e+00
 460.508113   1118.870   1108.690   3.237790     3.8150    34.3980 3597.63333 215858.000 12951480.0  0.000e+00
 460.508808   1118.870   1108.690   3.237814     3.8174    34.3958 3597.65000 215859.000 12951540.0  0.000e+00
 460.509502   1118.872   1108.692   3.237808     3.8134    34.3999 3597.66667 215860.000 12951600.0  0.000e+00
 460.510197   1118.870   1108.690   3.237766     3.8176    34.3950 3597.68333 215861.000 12951660.0  0.000e+00
 460.510891   1118.859   1108.679   3.237814     3.8200    34.3931 3597.70000 215862.000 12951720.0  0.000e+00
 460.511586   1118.859   1108.679   3.237940     3.8225    34.3920 3597.71667 215863.000 12951780.0  0.000e+00
 460.512280   1118.870   1108.690   3.238108     3.8243    34.3921 3597.73333 215864.000 12951840.0  0.000e+00
 460.512975   1118.859   1108.679   3.238259     3.8234    34.3948 3597.75000 215865.000 12951900.0  0.000e+00
 460.513669   1118.849   1108.669   3.238319     3.8250    34.3938 3597.76667 215866.000 12951960.0  0.000e+00
 460.514363   1118.868   1108.688   3.238427     3.8283    34.3917 3597.78333 215867.000 12952020.0  0.000e+00
 460.515058   1118.872   1108.692   3.238535     3.8283    34.3930 3597.80000 215868.000 12952080.0  0.000e+00
 460.515752   1118.859   1108.679   3.238637     3.8310    34.3914 3597.81667 215869.000 12952140.0  0.000e+00
 460.516447   1118.859   1108.679   3.238787     3.8326    34.3915 3597.83333 215870.000 12952200.0  0.000e+00
 460.517141   1118.870   1108.690   3.238920     3.8343    34.3912 3597.85000 215871.000 12952260.0  0.000e+00
 460.517836   1118.870   1108.690   3.238998     3.8349    34.3916 3597.86667 215872.000 12952320.0  0.000e+00
 460.518530   1118.870   1108.690   3.239064     3.8344    34.3929 3597.88333 215873.000 12952380.0  0.000e+00
 460.519225   1118.859   1108.679   3.239124     3.8346    34.3933 3597.90000 215874.000 12952440.0  0.000e+00
 460.519919   1118.849   1108.669   3.239202     3.8366    34.3922 3597.91667 215875.000 12952500.0  0.000e+00
 460.520613   1118.870   1108.690   3.239262     3.8358    34.3938 3597.93333 215876.000 12952560.0  0.000e+00
 460.521308   1118.870   1108.690   3.239340     3.8383    34.3921 3597.95000 215877.000 12952620.0  0.000e+00
 460.522002   1118.859   1108.679   3.239478     3.8411    34.3908 3597.96667 215878.000 12952680.0  0.000e+00
 460.522697   1118.859   1108.679   3.239598     3.8413    34.3920 3597.98333 215879.000 12952740.0  0.000e+00
 460.523391   1118.859   1108.679   3.239683     3.8393    34.3951 3598.00000 215880.000 12952800.0  0.000e+00
 460.524086   1118.840   1108.660   3.239731     3.8388    34.3961 3598.01667 215881.000 12952860.0  0.000e+00
 460.524780   1118.859   1108.679   3.239749     3.8433    34.3917 3598.03333 215882.000 12952920.0  0.000e+00
 460.525475   1118.858   1108.677   3.239809     3.8411    34.3947 3598.05000 215883.000 12952980.0  0.000e+00
 460.526169   1118.870   1108.690   3.239773     3.8425    34.3928 3598.06667 215884.000 12953040.0  0.000e+00
 460.526863   1118.870   1108.690   3.239743     3.8386    34.3965 3598.08333 215885.000 12953100.0  0.000e+00
 460.527558   1118.870   1108.690   3.239689     3.8392    34.3953 3598.10000 215886.000 12953160.0  0.000e+00
 460.528252   1118.870   1108.690   3.239677     3.8420    34.3922 3598.11667 215887.000 12953220.0  0.000e+00
 460.528947   1118.870   1108.690   3.239719     3.8358    34.3991 3598.13333 215888.000 12953280.0  0.000e+00
 460.529641   1118.858   1108.677   3.239460     3.8309    34.4012 3598.15000 215889.000 12953340.0  0.000e+00
 460.530336   1118.849   1108.669   3.239268     3.8368    34.3928 3598.16667 215890.000 12953400.0  0.000e+00
 460.531030   1118.859   1108.679   3.239334     3.8385    34.3918 3598.18333 215891.000 12953460.0  0.000e+00
 460.531725   1118.858   1108.677   3.239442     3.8407    34.3908 3598.20000 215892.000 12953520.0  0.000e+00
 460.532419   1118.847   1108.667   3.239508     3.8359    34.3966 3598.21667 215893.000 12953580.0  0.000e+00
 460.533113   1118.859   1108.679   3.239460     3.8382    34.3936 3598.23333 215894.000 12953640.0  0.000e+00
 460.533808   1118.849   1108.669   3.239400     3.8336    34.3977 3598.25000 215895.000 12953700.0  0.000e+00
 460.534502   1118.859   1108.679   3.239322     3.8359    34.3944 3598.26667 215896.000 12953760.0  0.000e+00
 460.535197   1118.838   1108.658   3.239334     3.8347    34.3958 3598.28333 215897.000 12953820.0  0.000e+00
 460.535891   1118.849   1108.669   3.239298     3.8374    34.3925 3598.30000 215898.000 12953880.0  0.000e+00
 460.536586   1118.859   1108.679   3.239364     3.8366    34.3941 3598.31667 215899.000 12953940.0  0.000e+00
 460.537280   1118.838   1108.658   3.239412     3.8382    34.3930 3598.33333 215900.000 12954000.0  0.000e+00
 460.537975   1118.858   1108.677   3.239490     3.8404    34.3916 3598.35000 215901.000 12954060.0  0.000e+00
 460.538669   1118.849   1108.669   3.239520     3.8378    34.3947 3598.36667 215902.000 12954120.0  0.000e+00
 460.539363   1118.850   1108.670   3.239520     3.8407    34.3917 3598.38333 215903.000 12954180.0  0.000e+00
 460.540058   1118.849   1108.669   3.239508     3.8402    34.3921 3598.40000 215904.000 12954240.0  0.000e+00
 460.540752   1118.849   1108.669   3.239538     3.8418    34.3908 3598.41667 215905.000 12954300.0  0.000e+00
 460.541447   1118.859   1108.679   3.239611     3.8411    34.3923 3598.43333 215906.000 12954360.0  0.000e+00
 460.542141   1118.840   1108.660   3.239647     3.8418    34.3921 3598.45000 215907.000 12954420.0  0.000e+00
 460.542836   1118.836   1108.656   3.239737     3.8452    34.3896 3598.46667 215908.000 12954480.0  0.000e+00
 460.543530   1118.849   1108.669   3.239869     3.8453    34.3910 3598.48333 215909.000 12954540.0  0.000e+00
 460.544225   1118.814   1108.635   3.239953     3.8435    34.3939 3598.50000 215910.000 12954600.0  0.000e+00
 460.544919   1118.836   1108.656   3.239959     3.8437    34.3938 3598.51667 215911.000 12954660.0  0.000e+00
 460.545613   1118.838   1108.658   3.239995     3.8447    34.3932 3598.53333 215912.000 12954720.0  0.000e+00
 460.546308   1118.827   1108.647   3.240031     3.8471    34.3911 3598.55000 215913.000 12954780.0  0.000e+00
 460.547002   1118.838   1108.658   3.240109     3.8478    34.3913 3598.56667 215914.000 12954840.0  0.000e+00
 460.547697   1118.849   1108.669   3.240181     3.8492    34.3906 3598.58333 215915.000 12954900.0  0.000e+00
 460.548391   1118.838   1108.658   3.240284     3.8464    34.3948 3598.60000 215916.000 12954960.0  0.000e+00
 460.549086   1118.838   1108.658   3.240241     3.8472    34.3935 3598.61667 215917.000 12955020.0  0.000e+00
 460.549780   1118.825   1108.645   3.240241     3.8482    34.3924 3598.63333 215918.000 12955080.0  0.000e+00
 460.550475   1118.847   1108.667   3.240272     3.8492    34.3917 3598.65000 215919.000 12955140.0  0.000e+00
 460.551169   1118.847   1108.667   3.240314     3.8508    34.3906 3598.66667 215920.000 12955200.0  0.000e+00
 460.551863   1118.836   1108.656   3.240392     3.8513    34.3910 3598.68333 215921.000 12955260.0  0.000e+00
 460.552558   1118.825   1108.645   3.240422     3.8506    34.3921 3598.70000 215922.000 12955320.0  0.000e+00
 460.553252   1118.849   1108.669   3.240482     3.8515    34.3918 3598.71667 215923.000 12955380.0  0.000e+00
 460.553947   1118.847   1108.667   3.240494     3.8496    34.3940 3598.73333 215924.000 12955440.0  0.000e+00
 460.554641   1118.838   1108.658   3.240482     3.8515    34.3918 3598.75000 215925.000 12955500.0  0.000e+00
 460.555336   1118.838   1108.658   3.240512     3.8529    34.3907 3598.76667 215926.000 12955560.0  0.000e+00
 460.556030   1118.838   1108.658   3.240560     3.8523    34.3919 3598.78333 215927.000 12955620.0  0.000e+00
 460.556725   1118.838   1108.658   3.240620     3.8530    34.3919 3598.80000 215928.000 12955680.0  0.000e+00
 460.557419   1118.836   1108.656   3.240668     3.8537    34.3917 3598.81667 215929.000 12955740.0  0.000e+00
 460.558113   1118.849   1108.669   3.240692     3.8538    34.3919 3598.83333 215930.000 12955800.0  0.000e+00
 460.558808   1118.838   1108.658   3.240704     3.8542    34.3916 3598.85000 215931.000 12955860.0  0.000e+00
 460.559502   1118.838   1108.658   3.240722     3.8547    34.3914 3598.86667 215932.000 12955920.0  0.000e+00
 460.560197   1118.825   1108.645   3.240752     3.8547    34.3917 3598.88333 215933.000 12955980.0  0.000e+00
 460.560891   1118.814   1108.635   3.240776     3.8542    34.3926 3598.90000 215934.000 12956040.0  0.000e+00
 460.561586   1118.825   1108.645   3.240812     3.8541    34.3930 3598.91667 215935.000 12956100.0  0.000e+00
 460.562280   1118.816   1108.636   3.240812     3.8557    34.3913 3598.93333 215936.000 12956160.0  0.000e+00
 460.562975   1118.816   1108.636   3.240830     3.8557    34.3916 3598.95000 215937.000 12956220.0  0.000e+00
 460.563669   1118.827   1108.647   3.240878     3.8549    34.3930 3598.96667 215938.000 12956280.0  0.000e+00
 460.564363   1118.825   1108.645   3.240909     3.8551    34.3932 3598.98333 215939.000 12956340.0  0.000e+00
 460.565058   1118.838   1108.658   3.240921     3.8562    34.3921 3599.00000 215940.000 12956400.0  0.000e+00
 460.565752   1118.827   1108.647   3.240933     3.8580    34.3904 3599.01667 215941.000 12956460.0  0.000e+00
 460.566447   1118.827   1108.647   3.240993     3.8584    34.3907 3599.03333 215942.000 12956520.0  0.000e+00
 460.567141   1118.816   1108.636   3.241029     3.8583    34.3913 3599.05000 215943.000 12956580.0  0.000e+00
 460.567836   1118.827   1108.647   3.241059     3.8564    34.3935 3599.06667 215944.000 12956640.0  0.000e+00
 460.568530   1118.814   1108.635   3.241059     3.8578    34.3921 3599.08333 215945.000 12956700.0  0.000e+00
 460.569225   1118.825   1108.645   3.241065     3.8575    34.3925 3599.10000 215946.000 12956760.0  0.000e+00
 460.569919   1118.803   1108.624   3.241065     3.8586    34.3914 3599.11667 215947.000 12956820.0  0.000e+00
 460.570613   1118.816   1108.636   3.241101     3.8589    34.3914 3599.13333 215948.000 12956880.0  0.000e+00
 460.571308   1118.827   1108.647   3.241149     3.8597    34.3912 3599.15000 215949.000 12956940.0  0.000e+00
 460.572002   1118.803   1108.624   3.241197     3.8590    34.3925 3599.16667 215950.000 12957000.0  0.000e+00
 460.572697   1118.805   1108.626   3.241215     3.8610    34.3906 3599.18333 215951.000 12957060.0  0.000e+00
 460.573391   1118.825   1108.645   3.241239     3.8600    34.3919 3599.20000 215952.000 12957120.0  0.000e+00
 460.574086   1118.816   1108.636   3.241275     3.8596    34.3928 3599.21667 215953.000 12957180.0  0.000e+00
 460.574780   1118.803   1108.624   3.241311     3.8628    34.3899 3599.23333 215954.000 12957240.0  0.000e+00
 460.575475   1118.805   1108.626   3.241341     3.8612    34.3919 3599.25000 215955.000 12957300.0  0.000e+00
 460.576169   1118.816   1108.636   3.241359     3.8620    34.3913 3599.26667 215956.000 12957360.0  0.000e+00
 460.576863   1118.805   1108.626   3.241389     3.8599    34.3938 3599.28333 215957.000 12957420.0  0.000e+00
 460.577558   1118.803   1108.624   3.241377     3.8588    34.3948 3599.30000 215958.000 12957480.0  0.000e+00
 460.578252   1118.803   1108.624   3.241317     3.8583    34.3946 3599.31667 215959.000 12957540.0  0.000e+00
 460.578947   1118.814   1108.635   3.241275     3.8592    34.3932 3599.33333 215960.000 12957600.0  0.000e+00
 460.579641   1118.803   1108.624   3.241251     3.8594    34.3928 3599.35000 215961.000 12957660.0  0.000e+00
 460.580336   1118.816   1108.636   3.241233     3.8590    34.3929 3599.36667 215962.000 12957720.0  0.000e+00
 460.581030   1118.805   1108.626   3.241221     3.8584    34.3934 3599.38333 215963.000 12957780.0  0.000e+00
