FUNDEIO/20784/SBE37SM-RS232_03720784_2021_04_05.cnv
* Sea-Bird SBE37SM-RS232  Data File:
* FileName = C:\Users\Oceanpact\Desktop\20784\SBE37SM-RS232_03720784_2021_04_05.hex
* Software version SeatermV2 2.8.0.119
* Temperature SN = 20784
* Conductivity SN = 20784
* System UpLoad Time = Apr 05 2021 16:58:56
* sample interval = 60 seconds
* <ApplicationData>
# nquan = 10
# nvalues = 217527                                
# units = specified
# name 0 = timeJ: Julian Days
# name 1 = prdM: Pressure, Strain Gauge [db]
# name 2 = depSM: Depth [salt water, m], lat = -25.00
# name 3 = cond0S/m: Conductivity [S/m]
# name 4 = tv290C: Temperature [ITS-90, deg C]
# name 5 = sal00: Salinity, Practical [PSU]
# name 6 = timeH: Time, Elapsed [hours]
# name 7 = timeM: Time, Elapsed [minutes]
# name 8 = timeS: Time, Elapsed [seconds]
# name 9 = flag:  0.000e+00
# span 0 = 310.606725, 461.666447                 
# span 1 =     -0.338,   1124.297                 
# span 2 =     -0.336,   1114.053                 
# span 3 =  -0.000036,   5.920874                 
# span 4 =     3.4846,    28.4629                 
# span 5 =     0.0000,    37.3249                 
# span 6 =    0.00000, 3625.43333                 
# span 7 =     0.0000, 217526.000                 
# span 8 =      0.000, 13051560.0                 
# span 9 = 0.0000e+00, 0.0000e+00                 
# interval = seconds: 60
# start_time = Nov 05 2020 14:33:41 [Instrument's time stamp, first data scan]
# bad_flag = -9.990e-29
*END*
[from data line 16001]
 461.183113   1119.109   1108.926   3.241437     3.8633    34.3907 3613.83333 216830.000 13009800.0  0.000e+00
 461.183808   1119.096   1108.913   3.241371     3.8640    34.3892 3613.85000 216831.000 13009860.0  0.000e+00
 461.184502   1119.096   1108.913   3.241341     3.8624    34.3905 3613.86667 216832.000 13009920.0  0.000e+00
 461.185197   1119.107   1108.924   3.241311     3.8632    34.3893 3613.88333 216833.000 13009980.0  0.000e+00
 461.185891   1119.096   1108.913   3.241227     3.8605    34.3912 3613.90000 216834.000 13010040.0  0.000e+00
 461.186586   1119.109   1108.926   3.241137     3.8596    34.3910 3613.91667 216835.000 13010100.0  0.000e+00
 461.187280   1119.096   1108.913   3.241059     3.8596    34.3901 3613.93333 216836.000 13010160.0  0.000e+00
 461.187975   1119.096   1108.913   3.241017     3.8589    34.3904 3613.95000 216837.000 13010220.0  0.000e+00
 461.188669   1119.096   1108.913   3.240987     3.8594    34.3894 3613.96667 216838.000 13010280.0  0.000e+00
 461.189363   1119.085   1108.903   3.240951     3.8576    34.3909 3613.98333 216839.000 13010340.0  0.000e+00
 461.190058   1119.096   1108.913   3.240927     3.8597    34.3884 3614.00000 216840.000 13010400.0  0.000e+00
 461.190752   1119.096   1108.913   3.240945     3.8597    34.3886 3614.01667 216841.000 13010460.0  0.000e+00
 461.191447   1119.085   1108.903   3.240975     3.8612    34.3875 3614.03333 216842.000 13010520.0  0.000e+00
 461.192141   1119.085   1108.903   3.240999     3.8576    34.3915 3614.05000 216843.000 13010580.0  0.000e+00
 461.192836   1119.120   1108.937   3.240945     3.8560    34.3925 3614.06667 216844.000 13010640.0  0.000e+00
 461.193530   1119.085   1108.903   3.240812     3.8529    34.3942 3614.08333 216845.000 13010700.0  0.000e+00
 461.194225   1119.098   1108.915   3.240662     3.8543    34.3909 3614.10000 216846.000 13010760.0  0.000e+00
 461.194919   1119.096   1108.913   3.240602     3.8548    34.3897 3614.11667 216847.000 13010820.0  0.000e+00
 461.195613   1119.085   1108.903   3.240584     3.8519    34.3925 3614.13333 216848.000 13010880.0  0.000e+00
 461.196308   1119.098   1108.915   3.240518     3.8572    34.3862 3614.15000 216849.000 13010940.0  0.000e+00
 461.197002   1119.087   1108.904   3.240638     3.8526    34.3924 3614.16667 216850.000 13011000.0  0.000e+00
 461.197697   1119.074   1108.892   3.240632     3.8533    34.3916 3614.18333 216851.000 13011060.0  0.000e+00
 461.198391   1119.087   1108.904   3.240596     3.8571    34.3872 3614.20000 216852.000 13011120.0  0.000e+00
 461.199086   1119.096   1108.913   3.240692     3.8605    34.3848 3614.21667 216853.000 13011180.0  0.000e+00
 461.199780   1119.096   1108.913   3.240824     3.8614    34.3854 3614.23333 216854.000 13011240.0  0.000e+00
 461.200475   1119.087   1108.904   3.240957     3.8629    34.3855 3614.25000 216855.000 13011300.0  0.000e+00
 461.201169   1119.076   1108.894   3.240999     3.8581    34.3909 3614.26667 216856.000 13011360.0  0.000e+00
 461.201863   1119.087   1108.904   3.240933     3.8565    34.3918 3614.28333 216857.000 13011420.0  0.000e+00
 461.202558   1119.096   1108.913   3.240818     3.8589    34.3880 3614.30000 216858.000 13011480.0  0.000e+00
 461.203252   1119.087   1108.904   3.240758     3.8563    34.3900 3614.31667 216859.000 13011540.0  0.000e+00
 461.203947   1119.076   1108.894   3.240680     3.8570    34.3884 3614.33333 216860.000 13011600.0  0.000e+00
 461.204641   1119.083   1108.901   3.240626     3.8578    34.3869 3614.35000 216861.000 13011660.0  0.000e+00
 461.205336   1119.076   1108.894   3.240632     3.8591    34.3856 3614.36667 216862.000 13011720.0  0.000e+00
 461.206030   1119.076   1108.894   3.240698     3.8525    34.3933 3614.38333 216863.000 13011780.0  0.000e+00
 461.206725   1119.064   1108.881   3.240542     3.8473    34.3968 3614.40000 216864.000 13011840.0  0.000e+00
 461.207419   1119.085   1108.903   3.240253     3.8612    34.3790 3614.41667 216865.000 13011900.0  0.000e+00
 461.208113   1119.074   1108.892   3.240434     3.8463    34.3965 3614.43333 216866.000 13011960.0  0.000e+00
 461.208808   1119.076   1108.894   3.240248     3.8500    34.3905 3614.45000 216867.000 13012020.0  0.000e+00
 461.209502   1119.066   1108.883   3.240320     3.8501    34.3912 3614.46667 216868.000 13012080.0  0.000e+00
 461.210197   1119.064   1108.881   3.240386     3.8487    34.3935 3614.48333 216869.000 13012140.0  0.000e+00
 461.210891   1119.053   1108.870   3.240242     3.8477    34.3929 3614.50000 216870.000 13012200.0  0.000e+00
 461.211586   1119.053   1108.870   3.240151     3.8444    34.3952 3614.51667 216871.000 13012260.0  0.000e+00
 461.212280   1119.066   1108.883   3.239917     3.8499    34.3868 3614.53333 216872.000 13012320.0  0.000e+00
 461.212975   1119.074   1108.892   3.240043     3.8514    34.3867 3614.55000 216873.000 13012380.0  0.000e+00
 461.213669   1119.064   1108.881   3.240326     3.8520    34.3894 3614.56667 216874.000 13012440.0  0.000e+00
 461.214363   1119.064   1108.881   3.240386     3.8513    34.3908 3614.58333 216875.000 13012500.0  0.000e+00
 461.215058   1119.055   1108.872   3.240392     3.8528    34.3894 3614.60000 216876.000 13012560.0  0.000e+00
 461.215752   1119.042   1108.860   3.240458     3.8531    34.3898 3614.61667 216877.000 13012620.0  0.000e+00
 461.216447   1119.053   1108.870   3.240518     3.8541    34.3894 3614.63333 216878.000 13012680.0  0.000e+00
 461.217141   1119.066   1108.883   3.240536     3.8546    34.3891 3614.65000 216879.000 13012740.0  0.000e+00
 461.217836   1119.066   1108.883   3.240578     3.8547    34.3895 3614.66667 216880.000 13012800.0  0.000e+00
 461.218530   1119.053   1108.870   3.240596     3.8546    34.3898 3614.68333 216881.000 13012860.0  0.000e+00
 461.219225   1119.055   1108.872   3.240572     3.8529    34.3914 3614.70000 216882.000 13012920.0  0.000e+00
 461.219919   1119.055   1108.872   3.240518     3.8523    34.3913 3614.71667 216883.000 13012980.0  0.000e+00
 461.220613   1119.053   1108.870   3.240488     3.8532    34.3901 3614.73333 216884.000 13013040.0  0.000e+00
 461.221308   1119.053   1108.870   3.240512     3.8537    34.3898 3614.75000 216885.000 13013100.0  0.000e+00
 461.222002   1119.064   1108.881   3.240542     3.8551    34.3887 3614.76667 216886.000 13013160.0  0.000e+00
 461.222697   1119.042   1108.860   3.240602     3.8549    34.3896 3614.78333 216887.000 13013220.0  0.000e+00
 461.223391   1119.042   1108.860   3.240608     3.8528    34.3919 3614.80000 216888.000 13013280.0  0.000e+00
 461.224086   1119.044   1108.861   3.240482     3.8489    34.3944 3614.81667 216889.000 13013340.0  0.000e+00
 461.224780   1119.044   1108.861   3.240296     3.8499    34.3912 3614.83333 216890.000 13013400.0  0.000e+00
 461.225475   1119.053   1108.870   3.240296     3.8450    34.3963 3614.85000 216891.000 13013460.0  0.000e+00
 461.226169   1119.044   1108.861   3.240217     3.8512    34.3889 3614.86667 216892.000 13013520.0  0.000e+00
 461.226863   1119.053   1108.870   3.240254     3.8483    34.3924 3614.88333 216893.000 13013580.0  0.000e+00
 461.227558   1119.042   1108.860   3.240211     3.8484    34.3918 3614.90000 216894.000 13013640.0  0.000e+00
 461.228252   1119.053   1108.870   3.240217     3.8552    34.3847 3614.91667 216895.000 13013700.0  0.000e+00
 461.228947   1119.042   1108.860   3.240362     3.8457    34.3964 3614.93333 216896.000 13013760.0  0.000e+00
 461.229641   1119.044   1108.861   3.240266     3.8502    34.3905 3614.95000 216897.000 13013820.0  0.000e+00
 461.230336   1119.031   1108.849   3.240217     3.8491    34.3911 3614.96667 216898.000 13013880.0  0.000e+00
 461.231030   1119.033   1108.851   3.240187     3.8474    34.3925 3614.98333 216899.000 13013940.0  0.000e+00
 461.231725   1119.033   1108.851   3.240085     3.8404    34.3986 3615.00000 216900.000 13014000.0  0.000e+00
 461.232419   1119.064   1108.881   3.239779     3.8322    34.4035 3615.01667 216901.000 13014060.0  0.000e+00
 461.233113   1119.033   1108.851   3.239226     3.8002    34.4303 3615.03333 216902.000 13014120.0  0.000e+00
 461.233808   1119.055   1108.872   3.238019     3.7828    34.4341 3615.05000 216903.000 13014180.0  0.000e+00
 461.234502   1119.044   1108.861   3.236703     3.7916    34.4094 3615.06667 216904.000 13014240.0  0.000e+00
 461.235197   1119.055   1108.872   3.235760     3.7686    34.4223 3615.08333 216905.000 13014300.0  0.000e+00
 461.235891   1119.044   1108.861   3.235093     3.7715    34.4114 3615.10000 216906.000 13014360.0  0.000e+00
 461.236586   1119.046   1108.863   3.234505     3.7695    34.4065 3615.11667 216907.000 13014420.0  0.000e+00
 461.237280   1119.044   1108.861   3.234517     3.7667    34.4096 3615.13333 216908.000 13014480.0  0.000e+00
 461.237975   1119.057   1108.874   3.234444     3.7977    34.3764 3615.15000 216909.000 13014540.0  0.000e+00
 461.238669   1119.033   1108.851   3.235465     3.8132    34.3724 3615.16667 216910.000 13014600.0  0.000e+00
 461.239363   1119.011   1108.829   3.236258     3.8084    34.3867 3615.18333 216911.000 13014660.0  0.000e+00
 461.240058   1119.011   1108.829   3.236504     3.8185    34.3791 3615.20000 216912.000 13014720.0  0.000e+00
 461.240752   1119.011   1108.829   3.236823     3.8175    34.3839 3615.21667 216913.000 13014780.0  0.000e+00
 461.241447   1119.011   1108.829   3.237171     3.8123    34.3934 3615.23333 216914.000 13014840.0  0.000e+00
 461.242141   1119.011   1108.829   3.237490     3.8371    34.3714 3615.25000 216915.000 13014900.0  0.000e+00
 461.242836   1119.013   1108.831   3.238247     3.8404    34.3769 3615.26667 216916.000 13014960.0  0.000e+00
 461.243530   1119.000   1108.819   3.239028     3.8537    34.3723 3615.28333 216917.000 13015020.0  0.000e+00
 461.244225   1119.000   1108.819   3.239821     3.8665    34.3684 3615.30000 216918.000 13015080.0  0.000e+00
 461.244919   1119.011   1108.829   3.240524     3.8624    34.3809 3615.31667 216919.000 13015140.0  0.000e+00
 461.245613   1118.988   1108.806   3.240836     3.8593    34.3878 3615.33333 216920.000 13015200.0  0.000e+00
 461.246308   1119.009   1108.827   3.240867     3.8430    34.4051 3615.35000 216921.000 13015260.0  0.000e+00
 461.247002   1119.022   1108.840   3.240554     3.8536    34.3904 3615.36667 216922.000 13015320.0  0.000e+00
 461.247697   1119.011   1108.829   3.240446     3.8487    34.3943 3615.38333 216923.000 13015380.0  0.000e+00
 461.248391   1119.031   1108.849   3.240224     3.8418    34.3988 3615.40000 216924.000 13015440.0  0.000e+00
 461.249086   1119.011   1108.829   3.239929     3.8434    34.3936 3615.41667 216925.000 13015500.0  0.000e+00
 461.249780   1119.022   1108.840   3.239791     3.8384    34.3972 3615.43333 216926.000 13015560.0  0.000e+00
 461.250475   1119.000   1108.819   3.239803     3.8396    34.3962 3615.45000 216927.000 13015620.0  0.000e+00
 461.251169   1119.009   1108.827   3.239785     3.8457    34.3896 3615.46667 216928.000 13015680.0  0.000e+00
 461.251863   1119.011   1108.829   3.239833     3.8501    34.3856 3615.48333 216929.000 13015740.0  0.000e+00
 461.252558   1119.011   1108.829   3.239989     3.8512    34.3863 3615.50000 216930.000 13015800.0  0.000e+00
 461.253252   1119.000   1108.819   3.240187     3.8499    34.3899 3615.51667 216931.000 13015860.0  0.000e+00
 461.253947   1119.011   1108.829   3.240236     3.8490    34.3915 3615.53333 216932.000 13015920.0  0.000e+00
 461.254641   1118.990   1108.808   3.240211     3.8515    34.3886 3615.55000 216933.000 13015980.0  0.000e+00
 461.255336   1118.999   1108.817   3.240211     3.8459    34.3944 3615.56667 216934.000 13016040.0  0.000e+00
 461.256030   1119.009   1108.827   3.240127     3.8475    34.3918 3615.58333 216935.000 13016100.0  0.000e+00
 461.256725   1118.999   1108.817   3.240085     3.8457    34.3932 3615.60000 216936.000 13016160.0  0.000e+00
 461.257419   1119.000   1108.819   3.240007     3.8424    34.3956 3615.61667 216937.000 13016220.0  0.000e+00
 461.258113   1119.000   1108.819   3.239869     3.8397    34.3968 3615.63333 216938.000 13016280.0  0.000e+00
 461.258808   1119.011   1108.829   3.239617     3.8341    34.3997 3615.65000 216939.000 13016340.0  0.000e+00
 461.259502   1118.999   1108.817   3.239400     3.8460    34.3847 3615.66667 216940.000 13016400.0  0.000e+00
 461.260197   1119.000   1108.819   3.239562     3.8452    34.3875 3615.68333 216941.000 13016460.0  0.000e+00
 461.260891   1118.999   1108.817   3.239551     3.8349    34.3980 3615.70000 216942.000 13016520.0  0.000e+00
 461.261586   1118.988   1108.806   3.239370     3.8341    34.3967 3615.71667 216943.000 13016580.0  0.000e+00
 461.262280   1118.988   1108.806   3.239184     3.8333    34.3953 3615.73333 216944.000 13016640.0  0.000e+00
 461.262975   1118.999   1108.817   3.239070     3.8328    34.3946 3615.75000 216945.000 13016700.0  0.000e+00
 461.263669   1119.000   1108.819   3.238992     3.8339    34.3925 3615.76667 216946.000 13016760.0  0.000e+00
 461.264363   1118.990   1108.808   3.238986     3.8314    34.3950 3615.78333 216947.000 13016820.0  0.000e+00
 461.265058   1119.000   1108.819   3.238920     3.8324    34.3932 3615.80000 216948.000 13016880.0  0.000e+00
 461.265752   1119.011   1108.829   3.238865     3.8314    34.3935 3615.81667 216949.000 13016940.0  0.000e+00
 461.266447   1119.000   1108.819   3.238787     3.8250    34.3993 3615.83333 216950.000 13017000.0  0.000e+00
 461.267141   1118.999   1108.817   3.238553     3.8206    34.4011 3615.85000 216951.000 13017060.0  0.000e+00
 461.267836   1119.002   1108.820   3.238361     3.8329    34.3860 3615.86667 216952.000 13017120.0  0.000e+00
 461.268530   1119.013   1108.831   3.238589     3.8346    34.3870 3615.88333 216953.000 13017180.0  0.000e+00
 461.269225   1118.990   1108.808   3.238811     3.8337    34.3905 3615.90000 216954.000 13017240.0  0.000e+00
 461.269919   1118.990   1108.808   3.238926     3.8354    34.3902 3615.91667 216955.000 13017300.0  0.000e+00
 461.270613   1118.979   1108.797   3.239028     3.8385    34.3881 3615.93333 216956.000 13017360.0  0.000e+00
 461.271308   1118.990   1108.808   3.239178     3.8390    34.3894 3615.95000 216957.000 13017420.0  0.000e+00
 461.272002   1118.990   1108.808   3.239316     3.8408    34.3891 3615.96667 216958.000 13017480.0  0.000e+00
 461.272697   1118.990   1108.808   3.239328     3.8331    34.3972 3615.98333 216959.000 13017540.0  0.000e+00
 461.273391   1118.988   1108.806   3.239166     3.8245    34.4043 3616.00000 216960.000 13017600.0  0.000e+00
 461.274086   1118.968   1108.786   3.238811     3.8238    34.4009 3616.01667 216961.000 13017660.0  0.000e+00
 461.274780   1118.979   1108.797   3.238523     3.8283    34.3928 3616.03333 216962.000 13017720.0  0.000e+00
 461.275475   1119.000   1108.819   3.238427     3.8261    34.3940 3616.05000 216963.000 13017780.0  0.000e+00
 461.276169   1118.979   1108.797   3.238409     3.8273    34.3924 3616.06667 216964.000 13017840.0  0.000e+00
 461.276863   1118.988   1108.806   3.238421     3.8260    34.3940 3616.08333 216965.000 13017900.0  0.000e+00
 461.277558   1118.990   1108.808   3.238403     3.8253    34.3945 3616.10000 216966.000 13017960.0  0.000e+00
 461.278252   1118.968   1108.786   3.238391     3.8262    34.3935 3616.11667 216967.000 13018020.0  0.000e+00
 461.278947   1118.990   1108.808   3.238379     3.8252    34.3943 3616.13333 216968.000 13018080.0  0.000e+00
 461.279641   1118.979   1108.797   3.238307     3.8191    34.3998 3616.15000 216969.000 13018140.0  0.000e+00
 461.280336   1118.990   1108.808   3.238127     3.8190    34.3977 3616.16667 216970.000 13018200.0  0.000e+00
 461.281030   1118.979   1108.797   3.237964     3.8183    34.3965 3616.18333 216971.000 13018260.0  0.000e+00
 461.281725   1118.968   1108.786   3.237916     3.8253    34.3887 3616.20000 216972.000 13018320.0  0.000e+00
