PÓS LANÇAMENTO/19Plus/SBE19plus_01907424_2021_04_07_0001.cnv
* Sea-Bird SBE19plus  Data File:
* FileName = C:\Users\Oceanpact\Desktop\FA_04-PÓS LANÇAMENTO\SBE19plus_01907424_2021_04_07_0001.hex
* Software version 2.8.0.119
* Temperature SN = 7424
* Conductivity SN = 7424
* System UpLoad Time = Apr 07 2021 23:07:34
* <ApplicationData>
* <Seaterm232>
# nquan = 10
# nvalues = 16775                                 
# units = specified
# name 0 = timeJ: Julian Days
# name 1 = prdM: Pressure, Strain Gauge [db]
# name 2 = depSM: Depth [salt water, m], lat = -24.00
# name 3 = c0S/m: Conductivity [S/m]
# name 4 = tv290C: Temperature [ITS-90, deg C]
# name 5 = sal00: Salinity, Practical [PSU]
# name 6 = timeH: Time, Elapsed [hours]
# name 7 = timeM: Time, Elapsed [minutes]
# name 8 = timeS: Time, Elapsed [seconds]
# name 9 = flag:  0.000e+00
# span 0 =  97.910301,  97.958837                 
# span 1 =      0.580,   1132.832                 
# span 2 =      0.577,   1122.566                 
# span 3 =   0.011881,   5.600435                 
# span 4 =     3.4411,    25.3249                 
# span 5 =     0.0610,    37.0791                 
# span 6 =    0.00000,    1.16486                 
# span 7 =     0.0000,    69.8917                 
# span 8 =      0.000,   4193.500                 
# span 9 = 0.0000e+00, 0.0000e+00                 
# interval = seconds: 0.25
# start_time = Apr 07 2021 21:50:50 [Instrument's time stamp, header]
# bad_flag = -9.990e-29
*END*
[from data line 865]
  97.912804      0.602      0.598   0.012477    24.2108     0.0636    0.06007     3.6042    216.250  0.000e+00
  97.912807      0.602      0.598   0.012487    24.2163     0.0637    0.06014     3.6083    216.500  0.000e+00
  97.912810      0.613      0.609   0.012501    24.2233     0.0637    0.06021     3.6125    216.750  0.000e+00
  97.912813      0.624      0.620   0.012498    24.2298     0.0637    0.06028     3.6167    217.000  0.000e+00
  97.912815      0.613      0.609   0.012493    24.2354     0.0637    0.06035     3.6208    217.250  0.000e+00
  97.912818      0.613      0.609   0.012466    24.2417     0.0635    0.06042     3.6250    217.500  0.000e+00
  97.912821      0.613      0.609   0.012423    24.2470     0.0633    0.06049     3.6292    217.750  0.000e+00
  97.912824      0.602      0.598   0.012373    24.2513     0.0631    0.06056     3.6333    218.000  0.000e+00
  97.912827      0.591      0.587   0.012327    24.2519     0.0629    0.06062     3.6375    218.250  0.000e+00
  97.912830      0.613      0.609   0.012287    24.2472     0.0627    0.06069     3.6417    218.500  0.000e+00
  97.912833      0.634      0.630   0.012260    24.2417     0.0626    0.06076     3.6458    218.750  0.000e+00
  97.912836      0.602      0.598   0.012242    24.2365     0.0625    0.06083     3.6500    219.000  0.000e+00
  97.912839      0.591      0.587   0.012234    24.2325     0.0625    0.06090     3.6542    219.250  0.000e+00
  97.912841      0.624      0.620   0.012247    24.2285     0.0625    0.06097     3.6583    219.500  0.000e+00
  97.912844      0.613      0.609   0.012271    24.2254     0.0626    0.06104     3.6625    219.750  0.000e+00
  97.912847      0.613      0.609   0.012311    24.2231     0.0628    0.06111     3.6667    220.000  0.000e+00
  97.912850      0.613      0.609   0.012375    24.2222     0.0631    0.06118     3.6708    220.250  0.000e+00
  97.912853      0.634      0.630   0.012471    24.2225     0.0636    0.06125     3.6750    220.500  0.000e+00
  97.912856      0.624      0.620   0.012602    24.2232     0.0642    0.06132     3.6792    220.750  0.000e+00
  97.912859      0.624      0.620   0.012717    24.2248     0.0647    0.06139     3.6833    221.000  0.000e+00
  97.912862      0.602      0.598   0.012765    24.2260     0.0649    0.06146     3.6875    221.250  0.000e+00
  97.912865      0.613      0.609   0.012776    24.2245     0.0650    0.06153     3.6917    221.500  0.000e+00
  97.912867      0.624      0.620   0.012760    24.2198     0.0649    0.06160     3.6958    221.750  0.000e+00
  97.912870      0.613      0.609   0.012744    24.2150     0.0648    0.06167     3.7000    222.000  0.000e+00
  97.912873      0.602      0.598   0.012739    24.2113     0.0648    0.06174     3.7042    222.250  0.000e+00
  97.912876      0.602      0.598   0.012720    24.2126     0.0647    0.06181     3.7083    222.500  0.000e+00
  97.912879      0.602      0.598   0.012706    24.2171     0.0647    0.06187     3.7125    222.750  0.000e+00
  97.912882      0.591      0.587   0.012696    24.2220     0.0646    0.06194     3.7167    223.000  0.000e+00
  97.912885      0.624      0.620   0.012693    24.2274     0.0646    0.06201     3.7208    223.250  0.000e+00
  97.912888      0.613      0.609   0.012682    24.2336     0.0645    0.06208     3.7250    223.500  0.000e+00
  97.912891      0.591      0.587   0.012661    24.2397     0.0644    0.06215     3.7292    223.750  0.000e+00
  97.912894      0.613      0.609   0.012650    24.2437     0.0644    0.06222     3.7333    224.000  0.000e+00
  97.912896      0.613      0.609   0.012645    24.2469     0.0644    0.06229     3.7375    224.250  0.000e+00
  97.912899      0.591      0.587   0.012640    24.2500     0.0643    0.06236     3.7417    224.500  0.000e+00
  97.912902      0.613      0.609   0.012629    24.2520     0.0643    0.06243     3.7458    224.750  0.000e+00
  97.912905      0.624      0.620   0.012640    24.2518     0.0643    0.06250     3.7500    225.000  0.000e+00
  97.912908      0.634      0.630   0.012645    24.2517     0.0643    0.06257     3.7542    225.250  0.000e+00
  97.912911      0.613      0.609   0.012645    24.2538     0.0643    0.06264     3.7583    225.500  0.000e+00
  97.912914      0.613      0.609   0.012658    24.2553     0.0644    0.06271     3.7625    225.750  0.000e+00
  97.912917      0.602      0.598   0.012661    24.2570     0.0644    0.06278     3.7667    226.000  0.000e+00
  97.912920      0.634      0.630   0.012688    24.2569     0.0645    0.06285     3.7708    226.250  0.000e+00
  97.912922      0.613      0.609   0.012706    24.2566     0.0646    0.06292     3.7750    226.500  0.000e+00
  97.912925      0.624      0.620   0.012723    24.2566     0.0647    0.06299     3.7792    226.750  0.000e+00
  97.912928      0.624      0.620   0.012744    24.2540     0.0648    0.06306     3.7833    227.000  0.000e+00
  97.912931      0.624      0.620   0.012765    24.2474     0.0649    0.06313     3.7875    227.250  0.000e+00
  97.912934      0.613      0.609   0.012789    24.2416     0.0650    0.06319     3.7917    227.500  0.000e+00
  97.912937      0.602      0.598   0.012779    24.2402     0.0650    0.06326     3.7958    227.750  0.000e+00
  97.912940      0.634      0.630   0.012765    24.2398     0.0649    0.06333     3.8000    228.000  0.000e+00
  97.912943      0.624      0.620   0.012749    24.2346     0.0648    0.06340     3.8042    228.250  0.000e+00
  97.912946      0.624      0.620   0.012723    24.2293     0.0647    0.06347     3.8083    228.500  0.000e+00
  97.912948      0.624      0.620   0.012688    24.2262     0.0646    0.06354     3.8125    228.750  0.000e+00
  97.912951      0.602      0.598   0.012677    24.2208     0.0645    0.06361     3.8167    229.000  0.000e+00
  97.912954      0.624      0.620   0.012666    24.2165     0.0645    0.06368     3.8208    229.250  0.000e+00
  97.912957      0.602      0.598   0.012666    24.2112     0.0645    0.06375     3.8250    229.500  0.000e+00
  97.912960      0.613      0.609   0.012666    24.2054     0.0645    0.06382     3.8292    229.750  0.000e+00
  97.912963      0.602      0.598   0.012688    24.1997     0.0646    0.06389     3.8333    230.000  0.000e+00
  97.912966      0.613      0.609   0.012712    24.1950     0.0647    0.06396     3.8375    230.250  0.000e+00
  97.912969      0.602      0.598   0.012728    24.1940     0.0648    0.06403     3.8417    230.500  0.000e+00
  97.912972      0.602      0.598   0.012739    24.1909     0.0648    0.06410     3.8458    230.750  0.000e+00
  97.912975      0.591      0.587   0.012749    24.1853     0.0649    0.06417     3.8500    231.000  0.000e+00
  97.912977      0.602      0.598   0.012736    24.1812     0.0648    0.06424     3.8542    231.250  0.000e+00
  97.912980      0.580      0.577   0.012701    24.1771     0.0647    0.06431     3.8583    231.500  0.000e+00
  97.912983      0.613      0.609   0.012661    24.1679     0.0645    0.06438     3.8625    231.750  0.000e+00
  97.912986      0.613      0.609   0.012626    24.1502     0.0644    0.06444     3.8667    232.000  0.000e+00
  97.912989      0.624      0.620   0.012600    24.1373     0.0643    0.06451     3.8708    232.250  0.000e+00
  97.912992      0.602      0.598   0.012565    24.1315     0.0641    0.06458     3.8750    232.500  0.000e+00
  97.912995      0.624      0.620   0.012544    24.1268     0.0640    0.06465     3.8792    232.750  0.000e+00
  97.912998      0.602      0.598   0.012533    24.1243     0.0640    0.06472     3.8833    233.000  0.000e+00
  97.913001      0.613      0.609   0.012517    24.1254     0.0639    0.06479     3.8875    233.250  0.000e+00
  97.913003      0.591      0.587   0.012482    24.1261     0.0637    0.06486     3.8917    233.500  0.000e+00
  97.913006      0.634      0.630   0.012479    24.1172     0.0637    0.06493     3.8958    233.750  0.000e+00
  97.913009      0.624      0.620   0.012501    24.0983     0.0638    0.06500     3.9000    234.000  0.000e+00
  97.913012      0.602      0.598   0.012533    24.0838     0.0640    0.06507     3.9042    234.250  0.000e+00
  97.913015      0.624      0.620   0.012501    24.0736     0.0639    0.06514     3.9083    234.500  0.000e+00
  97.913018      0.613      0.609   0.012496    24.0610     0.0638    0.06521     3.9125    234.750  0.000e+00
  97.913021      0.624      0.620   0.012461    24.0537     0.0637    0.06528     3.9167    235.000  0.000e+00
  97.913024      0.624      0.620   0.012410    24.0546     0.0635    0.06535     3.9208    235.250  0.000e+00
  97.913027      0.624      0.620   0.012359    24.0538     0.0632    0.06542     3.9250    235.500  0.000e+00
  97.913030      0.602      0.598   0.012327    24.0467     0.0631    0.06549     3.9292    235.750  0.000e+00
  97.913032      0.624      0.620   0.012295    24.0388     0.0629    0.06556     3.9333    236.000  0.000e+00
  97.913035      0.613      0.609   0.012274    24.0368     0.0628    0.06563     3.9375    236.250  0.000e+00
  97.913038      0.624      0.620   0.012261    24.0344     0.0628    0.06569     3.9417    236.500  0.000e+00
  97.913041      0.613      0.609   0.012261    24.0302     0.0628    0.06576     3.9458    236.750  0.000e+00
  97.913044      0.591      0.587   0.012261    24.0256     0.0628    0.06583     3.9500    237.000  0.000e+00
  97.913047      0.624      0.620   0.012266    24.0221     0.0628    0.06590     3.9542    237.250  0.000e+00
  97.913050      0.624      0.620   0.012325    24.0183     0.0631    0.06597     3.9583    237.500  0.000e+00
  97.913053      0.602      0.598   0.012338    24.0162     0.0632    0.06604     3.9625    237.750  0.000e+00
  97.913056      0.602      0.598   0.012333    24.0173     0.0631    0.06611     3.9667    238.000  0.000e+00
  97.913058      0.624      0.620   0.012327    24.0200     0.0631    0.06618     3.9708    238.250  0.000e+00
  97.913061      0.645      0.641   0.012327    24.0237     0.0631    0.06625     3.9750    238.500  0.000e+00
  97.913064      0.613      0.609   0.012333    24.0293     0.0631    0.06632     3.9792    238.750  0.000e+00
  97.913067      0.624      0.620   0.012322    24.0354     0.0631    0.06639     3.9833    239.000  0.000e+00
  97.913070      0.602      0.598   0.012322    24.0411     0.0631    0.06646     3.9875    239.250  0.000e+00
  97.913073      0.613      0.609   0.012325    24.0459     0.0631    0.06653     3.9917    239.500  0.000e+00
  97.913076      0.613      0.609   0.012311    24.0493     0.0630    0.06660     3.9958    239.750  0.000e+00
  97.913079      0.613      0.609   0.012293    24.0493     0.0629    0.06667     4.0000    240.000  0.000e+00
  97.913082      0.613      0.609   0.012271    24.0456     0.0628    0.06674     4.0042    240.250  0.000e+00
  97.913084      0.613      0.609   0.012255    24.0421     0.0628    0.06681     4.0083    240.500  0.000e+00
  97.913087      0.613      0.609   0.012223    24.0418     0.0626    0.06688     4.0125    240.750  0.000e+00
  97.913090      0.602      0.598   0.012199    24.0441     0.0625    0.06694     4.0167    241.000  0.000e+00
  97.913093      0.602      0.598   0.012183    24.0458     0.0624    0.06701     4.0208    241.250  0.000e+00
  97.913096      0.613      0.609   0.012172    24.0485     0.0624    0.06708     4.0250    241.500  0.000e+00
  97.913099      0.591      0.587   0.012159    24.0541     0.0623    0.06715     4.0292    241.750  0.000e+00
  97.913102      0.613      0.609   0.012154    24.0594     0.0623    0.06722     4.0333    242.000  0.000e+00
  97.913105      0.613      0.609   0.012162    24.0629     0.0623    0.06729     4.0375    242.250  0.000e+00
  97.913108      0.613      0.609   0.012172    24.0658     0.0623    0.06736     4.0417    242.500  0.000e+00
  97.913111      0.580      0.577   0.012194    24.0670     0.0624    0.06743     4.0458    242.750  0.000e+00
  97.913113      0.624      0.620   0.012220    24.0674     0.0626    0.06750     4.0500    243.000  0.000e+00
  97.913116      0.580      0.577   0.012250    24.0685     0.0627    0.06757     4.0542    243.250  0.000e+00
  97.913119      0.613      0.609   0.012293    24.0709     0.0629    0.06764     4.0583    243.500  0.000e+00
  97.913122      0.613      0.609   0.012357    24.0726     0.0632    0.06771     4.0625    243.750  0.000e+00
  97.913125      0.613      0.609   0.012405    24.0713     0.0634    0.06778     4.0667    244.000  0.000e+00
  97.913128      0.624      0.620   0.012434    24.0697     0.0636    0.06785     4.0708    244.250  0.000e+00
  97.913131      0.602      0.598   0.012429    24.0672     0.0635    0.06792     4.0750    244.500  0.000e+00
  97.913134      0.602      0.598   0.012415    24.0601     0.0635    0.06799     4.0792    244.750  0.000e+00
  97.913137      0.613      0.609   0.012391    24.0537     0.0634    0.06806     4.0833    245.000  0.000e+00
  97.913139      0.624      0.620   0.012349    24.0525     0.0632    0.06813     4.0875    245.250  0.000e+00
  97.913142      0.602      0.598   0.012301    24.0545     0.0630    0.06819     4.0917    245.500  0.000e+00
  97.913145      0.613      0.609   0.012255    24.0578     0.0627    0.06826     4.0958    245.750  0.000e+00
  97.913148      0.602      0.598   0.012204    24.0612     0.0625    0.06833     4.1000    246.000  0.000e+00
  97.913151      0.624      0.620   0.012164    24.0642     0.0623    0.06840     4.1042    246.250  0.000e+00
  97.913154      0.602      0.598   0.012127    24.0679     0.0621    0.06847     4.1083    246.500  0.000e+00
  97.913157      0.591      0.587   0.012095    24.0728     0.0620    0.06854     4.1125    246.750  0.000e+00
  97.913160      0.613      0.609   0.012074    24.0774     0.0619    0.06861     4.1167    247.000  0.000e+00
  97.913163      0.602      0.598   0.012055    24.0826     0.0618    0.06868     4.1208    247.250  0.000e+00
  97.913166      0.624      0.620   0.012042    24.0881     0.0617    0.06875     4.1250    247.500  0.000e+00
  97.913168      0.613      0.609   0.012034    24.0925     0.0617    0.06882     4.1292    247.750  0.000e+00
  97.913171      0.613      0.609   0.012034    24.0958     0.0617    0.06889     4.1333    248.000  0.000e+00
  97.913174      0.591      0.587   0.012055    24.0986     0.0618    0.06896     4.1375    248.250  0.000e+00
  97.913177      0.624      0.620   0.012071    24.1030     0.0618    0.06903     4.1417    248.500  0.000e+00
  97.913180      0.602      0.598   0.012076    24.1086     0.0619    0.06910     4.1458    248.750  0.000e+00
  97.913183      0.602      0.598   0.012082    24.1102     0.0619    0.06917     4.1500    249.000  0.000e+00
  97.913186      0.602      0.598   0.012087    24.1040     0.0619    0.06924     4.1542    249.250  0.000e+00
  97.913189      0.602      0.598   0.012087    24.0966     0.0619    0.06931     4.1583    249.500  0.000e+00
  97.913192      0.613      0.609   0.012082    24.0897     0.0619    0.06938     4.1625    249.750  0.000e+00
  97.913194      0.613      0.609   0.012082    24.0851     0.0619    0.06944     4.1667    250.000  0.000e+00
  97.913197      0.602      0.598   0.012076    24.0827     0.0619    0.06951     4.1708    250.250  0.000e+00
  97.913200      0.602      0.598   0.012060    24.0848     0.0618    0.06958     4.1750    250.500  0.000e+00
  97.913203      0.613      0.609   0.012044    24.0878     0.0617    0.06965     4.1792    250.750  0.000e+00
  97.913206      0.602      0.598   0.012028    24.0927     0.0617    0.06972     4.1833    251.000  0.000e+00
  97.913209      0.602      0.598   0.012018    24.0974     0.0616    0.06979     4.1875    251.250  0.000e+00
  97.913212      0.634      0.630   0.012010    24.1017     0.0616    0.06986     4.1917    251.500  0.000e+00
  97.913215      0.613      0.609   0.011999    24.1066     0.0615    0.06993     4.1958    251.750  0.000e+00
  97.913218      0.624      0.620   0.011996    24.1109     0.0615    0.07000     4.2000    252.000  0.000e+00
