PÓS LANÇAMENTO/19Plus/SBE19plus_01907424_2021_04_07_0001.cnv
* Sea-Bird SBE19plus  Data File:
* FileName = C:\Users\Oceanpact\Desktop\FA_04-PÓS LANÇAMENTO\SBE19plus_01907424_2021_04_07_0001.hex
* Software version 2.8.0.119
* Temperature SN = 7424
* Conductivity SN = 7424
* System UpLoad Time = Apr 07 2021 23:07:34
* <ApplicationData>
* <Seaterm232>
# nquan = 10
# nvalues = 16775                                 
# units = specified
# name 0 = timeJ: Julian Days
# name 1 = prdM: Pressure, Strain Gauge [db]
# name 2 = depSM: Depth [salt water, m], lat = -24.00
# name 3 = c0S/m: Conductivity [S/m]
# name 4 = tv290C: Temperature [ITS-90, deg C]
# name 5 = sal00: Salinity, Practical [PSU]
# name 6 = timeH: Time, Elapsed [hours]
# name 7 = timeM: Time, Elapsed [minutes]
# name 8 = timeS: Time, Elapsed [seconds]
# name 9 = flag:  0.000e+00
# span 0 =  97.910301,  97.958837                 
# span 1 =      0.580,   1132.832                 
# span 2 =      0.577,   1122.566                 
# span 3 =   0.011881,   5.600435                 
# span 4 =     3.4411,    25.3249                 
# span 5 =     0.0610,    37.0791                 
# span 6 =    0.00000,    1.16486                 
# span 7 =     0.0000,    69.8917                 
# span 8 =      0.000,   4193.500                 
# span 9 = 0.0000e+00, 0.0000e+00                 
# interval = seconds: 0.25
# start_time = Apr 07 2021 21:50:50 [Instrument's time stamp, header]
# bad_flag = -9.990e-29
*END*
[from data line 3316]
  97.919896    129.890    129.023   4.363806    15.1900    35.4322    0.23028    13.8167    829.000  0.000e+00
  97.919899    130.063    129.195   4.363068    15.1896    35.4259    0.23035    13.8208    829.250  0.000e+00
  97.919902    130.117    129.248   4.362748    15.1935    35.4194    0.23042    13.8250    829.500  0.000e+00
  97.919905    130.138    129.269   4.363622    15.2036    35.4182    0.23049    13.8292    829.750  0.000e+00
  97.919907    130.073    129.205   4.364310    15.2142    35.4149    0.23056    13.8333    830.000  0.000e+00
  97.919910    129.998    129.130   4.365162    15.2236    35.4142    0.23063    13.8375    830.250  0.000e+00
  97.919913    129.869    129.002   4.366142    15.2307    35.4167    0.23069    13.8417    830.500  0.000e+00
  97.919916    129.761    128.895   4.368138    15.2365    35.4296    0.23076    13.8458    830.750  0.000e+00
  97.919919    129.728    128.863   4.366568    15.2412    35.4111    0.23083    13.8500    831.000  0.000e+00
  97.919922    129.707    128.841   4.363543    15.2446    35.3806    0.23090    13.8542    831.250  0.000e+00
  97.919925    129.772    128.905   4.360625    15.2400    35.3582    0.23097    13.8583    831.500  0.000e+00
  97.919928    129.922    129.055   4.359113    15.2292    35.3542    0.23104    13.8625    831.750  0.000e+00
  97.919931    130.138    129.269   4.357893    15.2168    35.3542    0.23111    13.8667    832.000  0.000e+00
  97.919933    130.418    129.548   4.357048    15.2052    35.3569    0.23118    13.8708    832.250  0.000e+00
  97.919936    130.731    129.858   4.356566    15.1951    35.3614    0.23125    13.8750    832.500  0.000e+00
  97.919939    131.087    130.211   4.356652    15.1876    35.3689    0.23132    13.8792    832.750  0.000e+00
  97.919942    131.464    130.586   4.356304    15.1828    35.3699    0.23139    13.8833    833.000  0.000e+00
  97.919945    131.820    130.939   4.355375    15.1793    35.3645    0.23146    13.8875    833.250  0.000e+00
  97.919948    132.165    131.282   4.355034    15.1747    35.3654    0.23153    13.8917    833.500  0.000e+00
  97.919951    132.520    131.635   4.354793    15.1701    35.3672    0.23160    13.8958    833.750  0.000e+00
  97.919954    132.833    131.946   4.354666    15.1656    35.3700    0.23167    13.9000    834.000  0.000e+00
  97.919957    133.059    132.170   4.354978    15.1616    35.3764    0.23174    13.9042    834.250  0.000e+00
  97.919959    133.254    132.363   4.356043    15.1589    35.3884    0.23181    13.9083    834.500  0.000e+00
  97.919962    133.394    132.502   4.357895    15.1572    35.4068    0.23188    13.9125    834.750  0.000e+00
  97.919965    133.491    132.599   4.359591    15.1563    35.4230    0.23194    13.9167    835.000  0.000e+00
  97.919968    133.555    132.663   4.359038    15.1561    35.4181    0.23201    13.9208    835.250  0.000e+00
  97.919971    133.609    132.716   4.359038    15.1621    35.4126    0.23208    13.9250    835.500  0.000e+00
  97.919974    133.620    132.727   4.359115    15.1699    35.4063    0.23215    13.9292    835.750  0.000e+00
  97.919977    133.620    132.727   4.359541    15.1769    35.4038    0.23222    13.9333    836.000  0.000e+00
  97.919980    133.609    132.716   4.360308    15.1841    35.4043    0.23229    13.9375    836.250  0.000e+00
  97.919983    133.620    132.727   4.361131    15.1896    35.4067    0.23236    13.9417    836.500  0.000e+00
  97.919986    133.609    132.716   4.362246    15.1935    35.4134    0.23243    13.9458    836.750  0.000e+00
  97.919988    133.609    132.716   4.362778    15.1974    35.4147    0.23250    13.9500    837.000  0.000e+00
  97.919991    133.631    132.738   4.362373    15.2013    35.4075    0.23257    13.9542    837.250  0.000e+00
  97.919994    133.663    132.770   4.362324    15.2040    35.4046    0.23264    13.9583    837.500  0.000e+00
  97.919997    133.717    132.823   4.360066    15.2032    35.3848    0.23271    13.9625    837.750  0.000e+00
  97.920000    133.814    132.920   4.357681    15.1997    35.3663    0.23278    13.9667    838.000  0.000e+00
  97.920003    133.954    133.059   4.356780    15.1939    35.3632    0.23285    13.9708    838.250  0.000e+00
  97.920006    134.137    133.241   4.356837    15.1875    35.3694    0.23292    13.9750    838.500  0.000e+00
  97.920009    134.375    133.476   4.357235    15.1833    35.3767    0.23299    13.9792    838.750  0.000e+00
  97.920012    134.633    133.733   4.357604    15.1821    35.3811    0.23306    13.9833    839.000  0.000e+00
  97.920014    134.914    134.011   4.357583    15.1818    35.3811    0.23313    13.9875    839.250  0.000e+00
  97.920017    135.215    134.311   4.357604    15.1812    35.3816    0.23319    13.9917    839.500  0.000e+00
  97.920020    135.528    134.622   4.357448    15.1806    35.3807    0.23326    13.9958    839.750  0.000e+00
  97.920023    135.873    134.964   4.357236    15.1806    35.3786    0.23333    14.0000    840.000  0.000e+00
  97.920026    136.196    135.285   4.357072    15.1799    35.3776    0.23340    14.0042    840.250  0.000e+00
  97.920029    136.509    135.596   4.357207    15.1788    35.3797    0.23347    14.0083    840.500  0.000e+00
  97.920032    136.822    135.906   4.357342    15.1784    35.3812    0.23354    14.0125    840.750  0.000e+00
  97.920035    137.156    136.238   4.357740    15.1793    35.3839    0.23361    14.0167    841.000  0.000e+00
  97.920038    137.425    136.505   4.358428    15.1806    35.3888    0.23368    14.0208    841.250  0.000e+00
  97.920041    137.705    136.784   4.358854    15.1834    35.3901    0.23375    14.0250    841.500  0.000e+00
  97.920043    138.007    137.083   4.358933    15.1862    35.3881    0.23382    14.0292    841.750  0.000e+00
  97.920046    138.309    137.383   4.358876    15.1879    35.3859    0.23389    14.0333    842.000  0.000e+00
  97.920049    138.557    137.629   4.358748    15.1883    35.3843    0.23396    14.0375    842.250  0.000e+00
  97.920052    138.762    137.833   4.358748    15.1872    35.3852    0.23403    14.0417    842.500  0.000e+00
  97.920055    138.923    137.993   4.359408    15.1853    35.3929    0.23410    14.0458    842.750  0.000e+00
  97.920058    139.042    138.111   4.360921    15.1837    35.4080    0.23417    14.0500    843.000  0.000e+00
  97.920061    139.085    138.154   4.360551    15.1830    35.4053    0.23424    14.0542    843.250  0.000e+00
  97.920064    139.064    138.132   4.360707    15.1875    35.4026    0.23431    14.0583    843.500  0.000e+00
  97.920067    139.010    138.079   4.360757    15.1938    35.3974    0.23438    14.0625    843.750  0.000e+00
  97.920069    138.870    137.940   4.360757    15.1994    35.3924    0.23444    14.0667    844.000  0.000e+00
  97.920072    138.708    137.779   4.360863    15.2039    35.3894    0.23451    14.0708    844.250  0.000e+00
  97.920075    138.514    137.586   4.361055    15.2061    35.3892    0.23458    14.0750    844.500  0.000e+00
  97.920078    138.309    137.383   4.361367    15.2074    35.3910    0.23465    14.0792    844.750  0.000e+00
  97.920081    138.137    137.212   4.362510    15.2078    35.4010    0.23472    14.0833    845.000  0.000e+00
  97.920084    138.018    137.094   4.362219    15.2093    35.3971    0.23479    14.0875    845.250  0.000e+00
  97.920087    137.975    137.051   4.360551    15.2114    35.3800    0.23486    14.0917    845.500  0.000e+00
  97.920090    138.007    137.083   4.358116    15.2098    35.3593    0.23493    14.0958    845.750  0.000e+00
  97.920093    138.147    137.222   4.357052    15.2016    35.3571    0.23500    14.1000    846.000  0.000e+00
  97.920095    138.417    137.490   4.356413    15.1919    35.3599    0.23507    14.1042    846.250  0.000e+00
  97.920098    138.783    137.854   4.355754    15.1831    35.3617    0.23514    14.1083    846.500  0.000e+00
  97.920101    139.236    138.304   4.355271    15.1760    35.3636    0.23521    14.1125    846.750  0.000e+00
  97.920104    139.678    138.742   4.354960    15.1702    35.3658    0.23528    14.1167    847.000  0.000e+00
  97.920107    140.131    139.192   4.354321    15.1657    35.3638    0.23535    14.1208    847.250  0.000e+00
  97.920110    140.691    139.749   4.353130    15.1612    35.3569    0.23542    14.1250    847.500  0.000e+00
  97.920113    141.230    140.284   4.352180    15.1546    35.3539    0.23549    14.1292    847.750  0.000e+00
  97.920116    141.704    140.755   4.351144    15.1466    35.3516    0.23556    14.1333    848.000  0.000e+00
  97.920119    142.136    141.183   4.350514    15.1377    35.3537    0.23563    14.1375    848.250  0.000e+00
  97.920122    142.502    141.547   4.352046    15.1287    35.3756    0.23569    14.1417    848.500  0.000e+00
  97.920124    142.825    141.868   4.352840    15.1219    35.3888    0.23576    14.1458    848.750  0.000e+00
  97.920127    143.020    142.060   4.353238    15.1200    35.3941    0.23583    14.1500    849.000  0.000e+00
  97.920130    143.192    142.232   4.354004    15.1229    35.3984    0.23590    14.1542    849.250  0.000e+00
  97.920133    143.289    142.328   4.354855    15.1281    35.4014    0.23597    14.1583    849.500  0.000e+00
  97.920136    143.321    142.360   4.355359    15.1359    35.3989    0.23604    14.1625    849.750  0.000e+00
  97.920139    143.321    142.360   4.355515    15.1438    35.3932    0.23611    14.1667    850.000  0.000e+00
  97.920142    143.278    142.317   4.355671    15.1499    35.3891    0.23618    14.1708    850.250  0.000e+00
  97.920145    143.246    142.285   4.356047    15.1546    35.3883    0.23625    14.1750    850.500  0.000e+00
  97.920148    143.224    142.264   4.356572    15.1582    35.3898    0.23632    14.1792    850.750  0.000e+00
  97.920150    143.160    142.200   4.356998    15.1611    35.3911    0.23639    14.1833    851.000  0.000e+00
  97.920153    143.203    142.242   4.356444    15.1631    35.3842    0.23646    14.1875    851.250  0.000e+00
  97.920156    143.257    142.296   4.354216    15.1619    35.3650    0.23653    14.1917    851.500  0.000e+00
  97.920159    143.311    142.349   4.349401    15.1480    35.3337    0.23660    14.1958    851.750  0.000e+00
  97.920162    143.429    142.467   4.346281    15.1266    35.3247    0.23667    14.2000    852.000  0.000e+00
  97.920165    143.569    142.606   4.343617    15.1034    35.3213    0.23674    14.2042    852.250  0.000e+00
  97.920168    143.731    142.767   4.341846    15.0816    35.3248    0.23681    14.2083    852.500  0.000e+00
  97.920171    143.925    142.959   4.341187    15.0627    35.3358    0.23688    14.2125    852.750  0.000e+00
  97.920174    144.119    143.152   4.340500    15.0478    35.3429    0.23694    14.2167    853.000  0.000e+00
  97.920177    144.345    143.377   4.339792    15.0375    35.3457    0.23701    14.2208    853.250  0.000e+00
  97.920179    144.550    143.580   4.339764    15.0296    35.3525    0.23708    14.2250    853.500  0.000e+00
  97.920182    144.798    143.826   4.339714    15.0237    35.3572    0.23715    14.2292    853.750  0.000e+00
  97.920185    145.014    144.040   4.339211    15.0196    35.3563    0.23722    14.2333    854.000  0.000e+00
  97.920188    145.240    144.265   4.338581    15.0165    35.3533    0.23729    14.2375    854.250  0.000e+00
  97.920191    145.466    144.490   4.338397    15.0130    35.3546    0.23736    14.2417    854.500  0.000e+00
  97.920194    145.703    144.725   4.337923    15.0094    35.3535    0.23743    14.2458    854.750  0.000e+00
  97.920197    145.930    144.950   4.337739    15.0063    35.3546    0.23750    14.2500    855.000  0.000e+00
  97.920200    146.145    145.164   4.337760    15.0038    35.3569    0.23757    14.2542    855.250  0.000e+00
  97.920203    146.318    145.335   4.337923    15.0014    35.3605    0.23764    14.2583    855.500  0.000e+00
  97.920205    146.501    145.517   4.338051    14.9993    35.3635    0.23771    14.2625    855.750  0.000e+00
  97.920208    146.652    145.667   4.338107    14.9973    35.3658    0.23778    14.2667    856.000  0.000e+00
  97.920211    146.770    145.785   4.339184    14.9953    35.3773    0.23785    14.2708    856.250  0.000e+00
  97.920214    146.868    145.881   4.342139    14.9947    35.4048    0.23792    14.2750    856.500  0.000e+00
  97.920217    146.943    145.956   4.341742    14.9944    35.4014    0.23799    14.2792    856.750  0.000e+00
  97.920220    146.965    145.978   4.341373    14.9978    35.3950    0.23806    14.2833    857.000  0.000e+00
  97.920223    146.965    145.978   4.341189    15.0084    35.3837    0.23813    14.2875    857.250  0.000e+00
  97.920226    146.986    145.999   4.341692    15.0177    35.3799    0.23819    14.2917    857.500  0.000e+00
  97.920229    146.986    145.999   4.342407    15.0244    35.3804    0.23826    14.2958    857.750  0.000e+00
  97.920231    147.018    146.031   4.343144    15.0304    35.3816    0.23833    14.3000    858.000  0.000e+00
  97.920234    147.083    146.095   4.342457    15.0345    35.3716    0.23840    14.3042    858.250  0.000e+00
  97.920237    147.202    146.213   4.340190    15.0368    35.3488    0.23847    14.3083    858.500  0.000e+00
  97.920240    147.363    146.374   4.336337    15.0312    35.3187    0.23854    14.3125    858.750  0.000e+00
  97.920243    147.633    146.641   4.334099    15.0163    35.3116    0.23861    14.3167    859.000  0.000e+00
  97.920246    147.945    146.951   4.331862    15.0003    35.3055    0.23868    14.3208    859.250  0.000e+00
  97.920249    148.376    147.380   4.328869    14.9831    35.2936    0.23875    14.3250    859.500  0.000e+00
  97.920252    148.808    147.808   4.324271    14.9638    35.2689    0.23882    14.3292    859.750  0.000e+00
  97.920255    149.303    148.300   4.323062    14.9388    35.2803    0.23889    14.3333    860.000  0.000e+00
  97.920258    149.788    148.782   4.321853    14.9150    35.2905    0.23896    14.3375    860.250  0.000e+00
  97.920260    150.230    149.220   4.321280    14.8966    35.3017    0.23903    14.3417    860.500  0.000e+00
  97.920263    150.640    149.627   4.320651    14.8830    35.3082    0.23910    14.3458    860.750  0.000e+00
  97.920266    151.006    149.991   4.320489    14.8727    35.3159    0.23917    14.3500    861.000  0.000e+00
  97.920269    151.308    150.290   4.321119    14.8656    35.3279    0.23924    14.3542    861.250  0.000e+00
  97.920272    151.524    150.505   4.323170    14.8613    35.3505    0.23931    14.3583    861.500  0.000e+00
  97.920275    151.632    150.612   4.322830    14.8588    35.3496    0.23938    14.3625    861.750  0.000e+00
  97.920278    151.729    150.708   4.323877    14.8631    35.3552    0.23944    14.3667    862.000  0.000e+00
  97.920281    151.718    150.697   4.324379    14.8699    35.3536    0.23951    14.3708    862.250  0.000e+00
  97.920284    151.707    150.686   4.324980    14.8769    35.3528    0.23958    14.3750    862.500  0.000e+00
  97.920286    151.664    150.644   4.325978    14.8820    35.3573    0.23965    14.3792    862.750  0.000e+00
  97.920289    151.632    150.612   4.326926    14.8867    35.3618    0.23972    14.3833    863.000  0.000e+00
  97.920292    151.621    150.601   4.326820    14.8910    35.3569    0.23979    14.3875    863.250  0.000e+00
  97.920295    151.642    150.622   4.326162    14.8941    35.3480    0.23986    14.3917    863.500  0.000e+00
  97.920298    151.696    150.676   4.324400    14.8942    35.3318    0.23993    14.3958    863.750  0.000e+00
  97.920301    151.804    150.783   4.321727    14.8897    35.3114    0.24000    14.4000    864.000  0.000e+00
  97.920304    151.955    150.933   4.320412    14.8797    35.3084    0.24007    14.4042    864.250  0.000e+00
  97.920307    152.106    151.082   4.319493    14.8679    35.3106    0.24014    14.4083    864.500  0.000e+00
