PÓS LANÇAMENTO/19Plus/SBE19plus_01907424_2021_04_07_0001.cnv
* Sea-Bird SBE19plus  Data File:
* FileName = C:\Users\Oceanpact\Desktop\FA_04-PÓS LANÇAMENTO\SBE19plus_01907424_2021_04_07_0001.hex
* Software version 2.8.0.119
* Temperature SN = 7424
* Conductivity SN = 7424
* System UpLoad Time = Apr 07 2021 23:07:34
* <ApplicationData>
* <Seaterm232>
# nquan = 10
# nvalues = 16775                                 
# units = specified
# name 0 = timeJ: Julian Days
# name 1 = prdM: Pressure, Strain Gauge [db]
# name 2 = depSM: Depth [salt water, m], lat = -24.00
# name 3 = c0S/m: Conductivity [S/m]
# name 4 = tv290C: Temperature [ITS-90, deg C]
# name 5 = sal00: Salinity, Practical [PSU]
# name 6 = timeH: Time, Elapsed [hours]
# name 7 = timeM: Time, Elapsed [minutes]
# name 8 = timeS: Time, Elapsed [seconds]
# name 9 = flag:  0.000e+00
# span 0 =  97.910301,  97.958837                 
# span 1 =      0.580,   1132.832                 
# span 2 =      0.577,   1122.566                 
# span 3 =   0.011881,   5.600435                 
# span 4 =     3.4411,    25.3249                 
# span 5 =     0.0610,    37.0791                 
# span 6 =    0.00000,    1.16486                 
# span 7 =     0.0000,    69.8917                 
# span 8 =      0.000,   4193.500                 
# span 9 = 0.0000e+00, 0.0000e+00                 
# interval = seconds: 0.25
# start_time = Apr 07 2021 21:50:50 [Instrument's time stamp, header]
# bad_flag = -9.990e-29
*END*
[from data line 2307]
  97.916976      3.678      3.655   5.513741    25.3151    36.2837    0.16021     9.6125    576.750  0.000e+00
  97.916979      3.646      3.623   5.513772    25.3150    36.2840    0.16028     9.6167    577.000  0.000e+00
  97.916982      3.635      3.612   5.513772    25.3150    36.2840    0.16035     9.6208    577.250  0.000e+00
  97.916985      3.646      3.623   5.513803    25.3151    36.2841    0.16042     9.6250    577.500  0.000e+00
  97.916988      3.614      3.591   5.513803    25.3153    36.2840    0.16049     9.6292    577.750  0.000e+00
  97.916991      3.667      3.644   5.513803    25.3155    36.2839    0.16056     9.6333    578.000  0.000e+00
  97.916994      3.689      3.666   5.513835    25.3153    36.2842    0.16062     9.6375    578.250  0.000e+00
  97.916997      3.721      3.698   5.513835    25.3156    36.2840    0.16069     9.6417    578.500  0.000e+00
  97.916999      3.786      3.762   5.513866    25.3157    36.2841    0.16076     9.6458    578.750  0.000e+00
  97.917002      3.862      3.837   5.513835    25.3156    36.2840    0.16083     9.6500    579.000  0.000e+00
  97.917005      3.905      3.880   5.513835    25.3153    36.2841    0.16090     9.6542    579.250  0.000e+00
  97.917008      3.980      3.955   5.513866    25.3153    36.2843    0.16097     9.6583    579.500  0.000e+00
  97.917011      4.013      3.987   5.513835    25.3156    36.2839    0.16104     9.6625    579.750  0.000e+00
  97.917014      4.034      4.009   5.513866    25.3152    36.2844    0.16111     9.6667    580.000  0.000e+00
  97.917017      4.013      3.987   5.513835    25.3152    36.2842    0.16118     9.6708    580.250  0.000e+00
  97.917020      3.991      3.966   5.513835    25.3153    36.2841    0.16125     9.6750    580.500  0.000e+00
  97.917023      3.948      3.923   5.513835    25.3152    36.2842    0.16132     9.6792    580.750  0.000e+00
  97.917025      3.894      3.869   5.513835    25.3152    36.2842    0.16139     9.6833    581.000  0.000e+00
  97.917028      3.808      3.784   5.513866    25.3152    36.2845    0.16146     9.6875    581.250  0.000e+00
  97.917031      3.819      3.794   5.513835    25.3153    36.2841    0.16153     9.6917    581.500  0.000e+00
  97.917034      3.808      3.784   5.513835    25.3155    36.2841    0.16160     9.6958    581.750  0.000e+00
  97.917037      3.797      3.773   5.513803    25.3152    36.2840    0.16167     9.7000    582.000  0.000e+00
  97.917040      3.829      3.805   5.513835    25.3153    36.2841    0.16174     9.7042    582.250  0.000e+00
  97.917043      3.894      3.869   5.513835    25.3156    36.2839    0.16181     9.7083    582.500  0.000e+00
  97.917046      3.970      3.944   5.513835    25.3152    36.2842    0.16187     9.7125    582.750  0.000e+00
  97.917049      4.045      4.020   5.513835    25.3153    36.2841    0.16194     9.7167    583.000  0.000e+00
  97.917052      4.110      4.084   5.513835    25.3150    36.2843    0.16201     9.7208    583.250  0.000e+00
  97.917054      4.142      4.116   5.513898    25.3151    36.2847    0.16208     9.7250    583.500  0.000e+00
  97.917057      4.142      4.116   5.513898    25.3150    36.2848    0.16215     9.7292    583.750  0.000e+00
  97.917060      4.110      4.084   5.513898    25.3150    36.2848    0.16222     9.7333    584.000  0.000e+00
  97.917063      4.045      4.020   5.513898    25.3153    36.2845    0.16229     9.7375    584.250  0.000e+00
  97.917066      3.905      3.880   5.513898    25.3155    36.2845    0.16236     9.7417    584.500  0.000e+00
  97.917069      3.776      3.751   5.513835    25.3153    36.2842    0.16243     9.7458    584.750  0.000e+00
  97.917072      3.646      3.623   5.513835    25.3155    36.2841    0.16250     9.7500    585.000  0.000e+00
  97.917075      3.495      3.473   5.513803    25.3155    36.2839    0.16257     9.7542    585.250  0.000e+00
  97.917078      3.419      3.398   5.513803    25.3155    36.2839    0.16264     9.7583    585.500  0.000e+00
  97.917080      3.376      3.355   5.513772    25.3153    36.2838    0.16271     9.7625    585.750  0.000e+00
  97.917083      3.376      3.355   5.511693    25.3152    36.2685    0.16278     9.7667    586.000  0.000e+00
  97.917086      3.452      3.430   5.513191    25.3151    36.2797    0.16285     9.7708    586.250  0.000e+00
  97.917089      3.581      3.559   5.513803    25.3151    36.2842    0.16292     9.7750    586.500  0.000e+00
  97.917092      3.700      3.676   5.513803    25.3151    36.2841    0.16299     9.7792    586.750  0.000e+00
  97.917095      3.840      3.816   5.513835    25.3152    36.2842    0.16306     9.7833    587.000  0.000e+00
  97.917098      3.948      3.923   5.513866    25.3152    36.2844    0.16312     9.7875    587.250  0.000e+00
  97.917101      4.099      4.073   5.513866    25.3152    36.2844    0.16319     9.7917    587.500  0.000e+00
  97.917104      4.207      4.180   5.513866    25.3152    36.2843    0.16326     9.7958    587.750  0.000e+00
  97.917106      4.250      4.223   5.513898    25.3153    36.2845    0.16333     9.8000    588.000  0.000e+00
  97.917109      4.283      4.255   5.513866    25.3155    36.2841    0.16340     9.8042    588.250  0.000e+00
  97.917112      4.240      4.213   5.513866    25.3152    36.2843    0.16347     9.8083    588.500  0.000e+00
  97.917115      4.196      4.170   5.513866    25.3155    36.2842    0.16354     9.8125    588.750  0.000e+00
  97.917118      4.132      4.105   5.513866    25.3156    36.2841    0.16361     9.8167    589.000  0.000e+00
  97.917121      4.013      3.987   5.513804    25.3153    36.2838    0.16368     9.8208    589.250  0.000e+00
  97.917124      3.937      3.912   5.511309    25.3151    36.2655    0.16375     9.8250    589.500  0.000e+00
  97.917127      3.786      3.762   5.510078    25.3153    36.2563    0.16382     9.8292    589.750  0.000e+00
  97.917130      3.678      3.655   5.511960    25.3156    36.2701    0.16389     9.8333    590.000  0.000e+00
  97.917133      3.614      3.591   5.512737    25.3155    36.2760    0.16396     9.8375    590.250  0.000e+00
  97.917135      3.603      3.580   5.500514    25.3157    36.1851    0.16403     9.8417    590.500  0.000e+00
  97.917138      3.549      3.526   5.513866    25.3157    36.2842    0.16410     9.8458    590.750  0.000e+00
  97.917141      3.560      3.537   5.513246    25.3156    36.2797    0.16417     9.8500    591.000  0.000e+00
  97.917144      3.592      3.569   5.462118    25.3156    35.9007    0.16424     9.8542    591.250  0.000e+00
  97.917147      3.603      3.580   5.513191    25.3155    36.2794    0.16431     9.8583    591.500  0.000e+00
  97.917150      3.581      3.558   5.514117    25.3156    36.2861    0.16437     9.8625    591.750  0.000e+00
  97.917153      3.560      3.537   5.514094    25.3156    36.2860    0.16444     9.8667    592.000  0.000e+00
  97.917156      3.484      3.462   5.513866    25.3153    36.2845    0.16451     9.8708    592.250  0.000e+00
  97.917159      3.441      3.419   5.513576    25.3155    36.2823    0.16458     9.8750    592.500  0.000e+00
  97.917161      3.387      3.365   5.513740    25.3152    36.2837    0.16465     9.8792    592.750  0.000e+00
  97.917164      3.344      3.323   5.514086    25.3153    36.2862    0.16472     9.8833    593.000  0.000e+00
  97.917167      3.290      3.269   5.514062    25.3153    36.2860    0.16479     9.8875    593.250  0.000e+00
  97.917170      3.301      3.280   5.514054    25.3155    36.2858    0.16486     9.8917    593.500  0.000e+00
  97.917173      3.312      3.290   5.514031    25.3155    36.2857    0.16493     9.8958    593.750  0.000e+00
  97.917176      3.376      3.355   5.514062    25.3153    36.2860    0.16500     9.9000    594.000  0.000e+00
  97.917179      3.473      3.451   5.514086    25.3153    36.2861    0.16507     9.9042    594.250  0.000e+00
  97.917182      3.538      3.516   5.514094    25.3153    36.2862    0.16514     9.9083    594.500  0.000e+00
  97.917185      3.635      3.612   5.514094    25.3155    36.2860    0.16521     9.9125    594.750  0.000e+00
  97.917187      3.722      3.698   5.514117    25.3153    36.2863    0.16528     9.9167    595.000  0.000e+00
  97.917190      3.819      3.794   5.514125    25.3155    36.2862    0.16535     9.9208    595.250  0.000e+00
  97.917193      3.916      3.891   5.514117    25.3155    36.2861    0.16542     9.9250    595.500  0.000e+00
  97.917196      3.981      3.955   5.514094    25.3155    36.2859    0.16549     9.9292    595.750  0.000e+00
  97.917199      3.970      3.944   5.514094    25.3156    36.2858    0.16556     9.9333    596.000  0.000e+00
  97.917202      3.948      3.923   5.514086    25.3155    36.2859    0.16562     9.9375    596.250  0.000e+00
  97.917205      3.862      3.837   5.514062    25.3157    36.2856    0.16569     9.9417    596.500  0.000e+00
  97.917208      3.732      3.709   5.514117    25.3156    36.2861    0.16576     9.9458    596.750  0.000e+00
  97.917211      3.549      3.526   5.514031    25.3156    36.2855    0.16583     9.9500    597.000  0.000e+00
  97.917214      3.376      3.355   5.513999    25.3155    36.2854    0.16590     9.9542    597.250  0.000e+00
  97.917216      3.214      3.194   5.512627    25.3156    36.2752    0.16597     9.9583    597.500  0.000e+00
  97.917219      3.096      3.076   5.512313    25.3156    36.2729    0.16604     9.9625    597.750  0.000e+00
  97.917222      3.042      3.022   5.512626    25.3155    36.2753    0.16611     9.9667    598.000  0.000e+00
  97.917225      3.053      3.033   5.514062    25.3157    36.2858    0.16618     9.9708    598.250  0.000e+00
  97.917228      3.107      3.087   5.513936    25.3153    36.2851    0.16625     9.9750    598.500  0.000e+00
  97.917231      3.171      3.151   5.514117    25.3153    36.2864    0.16632     9.9792    598.750  0.000e+00
  97.917234      3.312      3.291   5.514125    25.3153    36.2865    0.16639     9.9833    599.000  0.000e+00
  97.917237      3.474      3.451   5.514148    25.3151    36.2868    0.16646     9.9875    599.250  0.000e+00
  97.917240      3.614      3.591   5.514094    25.3149    36.2865    0.16653     9.9917    599.500  0.000e+00
  97.917242      3.786      3.762   5.514156    25.3152    36.2866    0.16660     9.9958    599.750  0.000e+00
  97.917245      3.927      3.902   5.514211    25.3150    36.2872    0.16667    10.0000    600.000  0.000e+00
  97.917248      4.013      3.987   5.514196    25.3150    36.2870    0.16674    10.0042    600.250  0.000e+00
  97.917251      4.110      4.084   5.514180    25.3151    36.2868    0.16681    10.0083    600.500  0.000e+00
  97.917254      4.164      4.138   5.514227    25.3151    36.2871    0.16688    10.0125    600.750  0.000e+00
  97.917257      4.153      4.127   5.514227    25.3152    36.2870    0.16694    10.0167    601.000  0.000e+00
  97.917260      4.110      4.084   5.514180    25.3151    36.2868    0.16701    10.0208    601.250  0.000e+00
  97.917263      4.035      4.009   5.514196    25.3149    36.2871    0.16708    10.0250    601.500  0.000e+00
  97.917266      3.894      3.869   5.513615    25.3153    36.2825    0.16715    10.0292    601.750  0.000e+00
  97.917269      3.765      3.741   5.514156    25.3150    36.2868    0.16722    10.0333    602.000  0.000e+00
  97.917271      3.581      3.559   5.514156    25.3152    36.2867    0.16729    10.0375    602.250  0.000e+00
  97.917274      3.387      3.366   5.514148    25.3152    36.2867    0.16736    10.0417    602.500  0.000e+00
  97.917277      3.290      3.269   5.514156    25.3150    36.2870    0.16743    10.0458    602.750  0.000e+00
  97.917280      3.204      3.183   5.514117    25.3150    36.2867    0.16750    10.0500    603.000  0.000e+00
  97.917283      3.117      3.097   5.514125    25.3150    36.2868    0.16757    10.0542    603.250  0.000e+00
  97.917286      3.107      3.087   5.514125    25.3150    36.2868    0.16764    10.0583    603.500  0.000e+00
  97.917289      3.096      3.076   5.514117    25.3151    36.2866    0.16771    10.0625    603.750  0.000e+00
  97.917292      3.128      3.108   5.514093    25.3150    36.2865    0.16778    10.0667    604.000  0.000e+00
  97.917295      3.171      3.151   5.514148    25.3148    36.2871    0.16785    10.0708    604.250  0.000e+00
  97.917297      3.247      3.226   5.514156    25.3149    36.2871    0.16792    10.0750    604.500  0.000e+00
  97.917300      3.322      3.301   5.514156    25.3149    36.2870    0.16799    10.0792    604.750  0.000e+00
  97.917303      3.409      3.387   5.514148    25.3150    36.2869    0.16806    10.0833    605.000  0.000e+00
  97.917306      3.517      3.494   5.514156    25.3150    36.2869    0.16813    10.0875    605.250  0.000e+00
  97.917309      3.679      3.655   5.514180    25.3151    36.2869    0.16819    10.0917    605.500  0.000e+00
  97.917312      3.819      3.794   5.514196    25.3150    36.2871    0.16826    10.0958    605.750  0.000e+00
  97.917315      3.970      3.945   5.514227    25.3150    36.2873    0.16833    10.1000    606.000  0.000e+00
  97.917318      4.110      4.084   5.514243    25.3149    36.2874    0.16840    10.1042    606.250  0.000e+00
  97.917321      4.218      4.191   5.514227    25.3151    36.2871    0.16847    10.1083    606.500  0.000e+00
  97.917323      4.315      4.288   5.514243    25.3152    36.2871    0.16854    10.1125    606.750  0.000e+00
  97.917326      4.369      4.341   5.514259    25.3151    36.2873    0.16861    10.1167    607.000  0.000e+00
  97.917329      4.380      4.352   5.514227    25.3153    36.2869    0.16868    10.1208    607.250  0.000e+00
  97.917332      4.358      4.331   5.514243    25.3152    36.2871    0.16875    10.1250    607.500  0.000e+00
  97.917335      4.272      4.245   5.514196    25.3153    36.2867    0.16882    10.1292    607.750  0.000e+00
  97.917338      4.164      4.138   5.514180    25.3152    36.2867    0.16889    10.1333    608.000  0.000e+00
  97.917341      4.024      3.998   5.514196    25.3150    36.2870    0.16896    10.1375    608.250  0.000e+00
  97.917344      3.884      3.859   5.514156    25.3150    36.2868    0.16903    10.1417    608.500  0.000e+00
  97.917347      3.722      3.698   5.514149    25.3151    36.2867    0.16910    10.1458    608.750  0.000e+00
  97.917350      3.549      3.526   5.514094    25.3150    36.2864    0.16917    10.1500    609.000  0.000e+00
  97.917352      3.398      3.376   5.514125    25.3148    36.2869    0.16924    10.1542    609.250  0.000e+00
  97.917355      3.268      3.248   5.514117    25.3149    36.2868    0.16931    10.1583    609.500  0.000e+00
  97.917358      3.182      3.162   5.514125    25.3147    36.2870    0.16938    10.1625    609.750  0.000e+00
  97.917361      3.128      3.108   5.514085    25.3148    36.2867    0.16944    10.1667    610.000  0.000e+00
  97.917364      3.117      3.098   5.514062    25.3146    36.2867    0.16951    10.1708    610.250  0.000e+00
  97.917367      3.128      3.108   5.514062    25.3148    36.2865    0.16958    10.1750    610.500  0.000e+00
  97.917370      3.161      3.140   5.514086    25.3147    36.2867    0.16965    10.1792    610.750  0.000e+00
  97.917373      3.236      3.215   5.514093    25.3146    36.2869    0.16972    10.1833    611.000  0.000e+00
  97.917376      3.279      3.258   5.514117    25.3145    36.2871    0.16979    10.1875    611.250  0.000e+00
  97.917378      3.387      3.366   5.514125    25.3144    36.2872    0.16986    10.1917    611.500  0.000e+00
  97.917381      3.506      3.484   5.514062    25.3144    36.2867    0.16993    10.1958    611.750  0.000e+00
  97.917384      3.657      3.634   5.513960    25.3144    36.2859    0.17000    10.2000    612.000  0.000e+00
  97.917387      3.786      3.762   5.513639    25.3144    36.2835    0.17007    10.2042    612.250  0.000e+00
