PÓS LANÇAMENTO/19Plus/SBE19plus_01907424_2021_04_07_0001.cnv
* Sea-Bird SBE19plus  Data File:
* FileName = C:\Users\Oceanpact\Desktop\FA_04-PÓS LANÇAMENTO\SBE19plus_01907424_2021_04_07_0001.hex
* Software version 2.8.0.119
* Temperature SN = 7424
* Conductivity SN = 7424
* System UpLoad Time = Apr 07 2021 23:07:34
* <ApplicationData>
* <Seaterm232>
# nquan = 10
# nvalues = 16775                                 
# units = specified
# name 0 = timeJ: Julian Days
# name 1 = prdM: Pressure, Strain Gauge [db]
# name 2 = depSM: Depth [salt water, m], lat = -24.00
# name 3 = c0S/m: Conductivity [S/m]
# name 4 = tv290C: Temperature [ITS-90, deg C]
# name 5 = sal00: Salinity, Practical [PSU]
# name 6 = timeH: Time, Elapsed [hours]
# name 7 = timeM: Time, Elapsed [minutes]
# name 8 = timeS: Time, Elapsed [seconds]
# name 9 = flag:  0.000e+00
# span 0 =  97.910301,  97.958837                 
# span 1 =      0.580,   1132.832                 
# span 2 =      0.577,   1122.566                 
# span 3 =   0.011881,   5.600435                 
# span 4 =     3.4411,    25.3249                 
# span 5 =     0.0610,    37.0791                 
# span 6 =    0.00000,    1.16486                 
# span 7 =     0.0000,    69.8917                 
# span 8 =      0.000,   4193.500                 
# span 9 = 0.0000e+00, 0.0000e+00                 
# interval = seconds: 0.25
# start_time = Apr 07 2021 21:50:50 [Instrument's time stamp, header]
# bad_flag = -9.990e-29
*END*
[from data line 16001]
  97.956600      0.611      0.607   0.081826    25.2347     0.3988    1.11118    66.6708   4000.250  0.000e+00
  97.956603      0.611      0.607   0.083866    25.2326     0.4090    1.11125    66.6750   4000.500  0.000e+00
  97.956606      0.611      0.607   0.082814    25.2300     0.4038    1.11132    66.6792   4000.750  0.000e+00
  97.956609      0.600      0.596   0.080126    25.2276     0.3903    1.11139    66.6833   4001.000  0.000e+00
  97.956612      0.600      0.596   0.075952    25.2252     0.3693    1.11146    66.6875   4001.250  0.000e+00
  97.956615      0.611      0.607   0.071581    25.2225     0.3475    1.11153    66.6917   4001.500  0.000e+00
  97.956617      0.621      0.617   0.069033    25.2200     0.3348    1.11160    66.6958   4001.750  0.000e+00
  97.956620      0.621      0.617   0.066077    25.2175     0.3201    1.11167    66.7000   4002.000  0.000e+00
  97.956623      0.600      0.596   0.063201    25.2150     0.3059    1.11174    66.7042   4002.250  0.000e+00
  97.956626      0.610      0.606   0.061986    25.2125     0.2999    1.11181    66.7083   4002.500  0.000e+00
  97.956629      0.610      0.606   0.060496    25.2101     0.2925    1.11187    66.7125   4002.750  0.000e+00
  97.956632      0.610      0.606   0.059068    25.2076     0.2854    1.11194    66.7167   4003.000  0.000e+00
  97.956635      0.599      0.596   0.058311    25.2051     0.2817    1.11201    66.7208   4003.250  0.000e+00
  97.956638      0.610      0.606   0.060372    25.2029     0.2919    1.11208    66.7250   4003.500  0.000e+00
  97.956641      0.610      0.606   0.070846    25.2006     0.3440    1.11215    66.7292   4003.750  0.000e+00
  97.956644      0.632      0.628   0.078227    25.1981     0.3810    1.11222    66.7333   4004.000  0.000e+00
  97.956646      0.610      0.606   0.088387    25.1959     0.4322    1.11229    66.7375   4004.250  0.000e+00
  97.956649      0.610      0.606   0.096490    25.1934     0.4733    1.11236    66.7417   4004.500  0.000e+00
  97.956652      0.599      0.595   0.098111    25.1911     0.4816    1.11243    66.7458   4004.750  0.000e+00
  97.956655      0.610      0.606   0.100129    25.1889     0.4918    1.11250    66.7500   4005.000  0.000e+00
  97.956658      0.599      0.595   0.111699    25.1865     0.5510    1.11257    66.7542   4005.250  0.000e+00
  97.956661      0.621      0.617   0.126208    25.1841     0.6257    1.11264    66.7583   4005.500  0.000e+00
  97.956664      0.610      0.606   0.142711    25.1820     0.7113    1.11271    66.7625   4005.750  0.000e+00
  97.956667      0.631      0.627   0.155126    25.1798     0.7762    1.11278    66.7667   4006.000  0.000e+00
  97.956670      0.620      0.617   0.158064    25.1776     0.7916    1.11285    66.7708   4006.250  0.000e+00
  97.956672      0.631      0.627   0.158968    25.1751     0.7964    1.11292    66.7750   4006.500  0.000e+00
  97.956675      0.620      0.616   0.155432    25.1733     0.7779    1.11299    66.7792   4006.750  0.000e+00
  97.956678      0.620      0.616   0.154291    25.1708     0.7719    1.11306    66.7833   4007.000  0.000e+00
  97.956681      0.610      0.606   0.161650    25.1684     0.8105    1.11312    66.7875   4007.250  0.000e+00
  97.956684      0.620      0.616   0.153044    25.1662     0.7655    1.11319    66.7917   4007.500  0.000e+00
  97.956687      0.620      0.616   0.143468    25.1636     0.7155    1.11326    66.7958   4007.750  0.000e+00
  97.956690      0.609      0.606   0.146436    25.1610     0.7311    1.11333    66.8000   4008.000  0.000e+00
  97.956693      0.631      0.627   0.152809    25.1583     0.7644    1.11340    66.8042   4008.250  0.000e+00
  97.956696      0.653      0.648   0.139123    25.1557     0.6931    1.11347    66.8083   4008.500  0.000e+00
  97.956698      0.631      0.627   0.140591    25.1527     0.7007    1.11354    66.8125   4008.750  0.000e+00
  97.956701      0.620      0.616   0.142243    25.1497     0.7094    1.11361    66.8167   4009.000  0.000e+00
  97.956704      0.609      0.605   0.143846    25.1467     0.7178    1.11368    66.8208   4009.250  0.000e+00
  97.956707      0.642      0.638   0.153222    25.1439     0.7668    1.11375    66.8250   4009.500  0.000e+00
  97.956710      0.631      0.627   0.152327    25.1412     0.7621    1.11382    66.8292   4009.750  0.000e+00
  97.956713      0.620      0.616   0.148151    25.1384     0.7404    1.11389    66.8333   4010.000  0.000e+00
  97.956716      0.620      0.616   0.133445    25.1362     0.6638    1.11396    66.8375   4010.250  0.000e+00
  97.956719      0.641      0.637   0.107939    25.1338     0.5323    1.11403    66.8417   4010.500  0.000e+00
  97.956722      0.641      0.637   0.095016    25.1311     0.4664    1.11410    66.8458   4010.750  0.000e+00
  97.956725      0.630      0.626   0.098615    25.1290     0.4848    1.11417    66.8500   4011.000  0.000e+00
  97.956727      0.630      0.626   0.130381    25.1265     0.6481    1.11424    66.8542   4011.250  0.000e+00
  97.956730      0.652      0.648   0.143563    25.1244     0.7166    1.11431    66.8583   4011.500  0.000e+00
  97.956733      0.630      0.626   0.123174    25.1223     0.6109    1.11437    66.8625   4011.750  0.000e+00
  97.956736      0.630      0.626   0.110984    25.1198     0.5481    1.11444    66.8667   4012.000  0.000e+00
  97.956739      0.630      0.626   0.104202    25.1173     0.5134    1.11451    66.8708   4012.250  0.000e+00
  97.956742      0.619      0.615   0.099184    25.1145     0.4878    1.11458    66.8750   4012.500  0.000e+00
  97.956745      0.630      0.626   0.096802    25.1062     0.4757    1.11465    66.8792   4012.750  0.000e+00
  97.956748      0.630      0.626   0.095573    25.0898     0.4697    1.11472    66.8833   4013.000  0.000e+00
  97.956751      0.641      0.637   0.094361    25.0686     0.4637    1.11479    66.8875   4013.250  0.000e+00
  97.956753      0.630      0.626   0.093033    25.0479     0.4571    1.11486    66.8917   4013.500  0.000e+00
  97.956756      0.619      0.615   0.091697    25.0299     0.4505    1.11493    66.8958   4013.750  0.000e+00
  97.956759      0.608      0.604   0.090287    25.0147     0.4435    1.11500    66.9000   4014.000  0.000e+00
  97.956762      0.619      0.615   0.089283    25.0023     0.4385    1.11507    66.9042   4014.250  0.000e+00
  97.956765      0.630      0.626   0.088922    24.9920     0.4368    1.11514    66.9083   4014.500  0.000e+00
  97.956768      0.619      0.615   0.089502    24.9840     0.4398    1.11521    66.9125   4014.750  0.000e+00
  97.956771      0.640      0.636   0.090511    24.9775     0.4450    1.11528    66.9167   4015.000  0.000e+00
  97.956774      0.640      0.636   0.091501    24.9728     0.4501    1.11535    66.9208   4015.250  0.000e+00
  97.956777      0.651      0.647   0.092502    24.9690     0.4552    1.11542    66.9250   4015.500  0.000e+00
  97.956780      0.651      0.647   0.093682    24.9663     0.4612    1.11549    66.9292   4015.750  0.000e+00
  97.956782      0.651      0.647   0.094797    24.9631     0.4669    1.11556    66.9333   4016.000  0.000e+00
  97.956785      0.619      0.615   0.095626    24.9608     0.4712    1.11563    66.9375   4016.250  0.000e+00
  97.956788      0.629      0.625   0.095924    24.9583     0.4728    1.11569    66.9417   4016.500  0.000e+00
  97.956791      0.629      0.625   0.095818    24.9564     0.4722    1.11576    66.9458   4016.750  0.000e+00
  97.956794      0.619      0.615   0.095390    24.9540     0.4701    1.11583    66.9500   4017.000  0.000e+00
  97.956797      0.640      0.636   0.094828    24.9513     0.4672    1.11590    66.9542   4017.250  0.000e+00
  97.956800      0.618      0.614   0.094283    24.9487     0.4645    1.11597    66.9583   4017.500  0.000e+00
  97.956803      0.629      0.625   0.093974    24.9461     0.4629    1.11604    66.9625   4017.750  0.000e+00
  97.956806      0.629      0.625   0.093783    24.9433     0.4620    1.11611    66.9667   4018.000  0.000e+00
  97.956808      0.629      0.625   0.093651    24.9407     0.4613    1.11618    66.9708   4018.250  0.000e+00
  97.956811      0.640      0.636   0.093457    24.9388     0.4603    1.11625    66.9750   4018.500  0.000e+00
  97.956814      0.651      0.646   0.093182    24.9365     0.4590    1.11632    66.9792   4018.750  0.000e+00
  97.956817      0.629      0.625   0.092699    24.9352     0.4565    1.11639    66.9833   4019.000  0.000e+00
  97.956820      0.640      0.636   0.092031    24.9333     0.4531    1.11646    66.9875   4019.250  0.000e+00
  97.956823      0.629      0.625   0.091313    24.9315     0.4495    1.11653    66.9917   4019.500  0.000e+00
  97.956826      0.618      0.614   0.090480    24.9299     0.4453    1.11660    66.9958   4019.750  0.000e+00
  97.956829      0.640      0.636   0.089541    24.9277     0.4405    1.11667    67.0000   4020.000  0.000e+00
  97.956832      0.650      0.646   0.088356    24.9259     0.4345    1.11674    67.0042   4020.250  0.000e+00
  97.956834      0.640      0.635   0.087217    24.9232     0.4287    1.11681    67.0083   4020.500  0.000e+00
  97.956837      0.640      0.635   0.086473    24.9206     0.4250    1.11688    67.0125   4020.750  0.000e+00
  97.956840      0.629      0.625   0.086085    24.9181     0.4230    1.11694    67.0167   4021.000  0.000e+00
  97.956843      0.640      0.635   0.085939    24.9157     0.4223    1.11701    67.0208   4021.250  0.000e+00
  97.956846      0.639      0.635   0.085735    24.9136     0.4213    1.11708    67.0250   4021.500  0.000e+00
  97.956849      0.629      0.625   0.085992    24.9109     0.4226    1.11715    67.0292   4021.750  0.000e+00
  97.956852      0.639      0.635   0.085780    24.9075     0.4216    1.11722    67.0333   4022.000  0.000e+00
  97.956855      0.629      0.625   0.085830    24.9021     0.4219    1.11729    67.0375   4022.250  0.000e+00
  97.956858      0.639      0.635   0.085866    24.8924     0.4221    1.11736    67.0417   4022.500  0.000e+00
  97.956861      0.639      0.635   0.084020    24.8815     0.4128    1.11743    67.0458   4022.750  0.000e+00
  97.956863      0.618      0.614   0.083408    24.8562     0.4100    1.11750    67.0500   4023.000  0.000e+00
  97.956866      0.628      0.624   0.083754    24.8198     0.4120    1.11757    67.0542   4023.250  0.000e+00
  97.956869      0.617      0.614   0.084891    24.7808     0.4182    1.11764    67.0583   4023.500  0.000e+00
  97.956872      0.639      0.635   0.086152    24.7517     0.4248    1.11771    67.0625   4023.750  0.000e+00
  97.956875      0.617      0.614   0.086946    24.7336     0.4291    1.11778    67.0667   4024.000  0.000e+00
  97.956878      0.628      0.624   0.086912    24.7271     0.4289    1.11785    67.0708   4024.250  0.000e+00
  97.956881      0.639      0.635   0.086188    24.7224     0.4253    1.11792    67.0750   4024.500  0.000e+00
  97.956884      0.639      0.635   0.085042    24.7090     0.4196    1.11799    67.0792   4024.750  0.000e+00
  97.956887      0.639      0.635   0.083908    24.6968     0.4139    1.11806    67.0833   4025.000  0.000e+00
  97.956889      0.639      0.635   0.082973    24.6872     0.4092    1.11813    67.0875   4025.250  0.000e+00
  97.956892      0.628      0.624   0.081929    24.6763     0.4040    1.11819    67.0917   4025.500  0.000e+00
  97.956895      0.617      0.613   0.080839    24.6615     0.3986    1.11826    67.0958   4025.750  0.000e+00
  97.956898      0.628      0.624   0.079911    24.6443     0.3940    1.11833    67.1000   4026.000  0.000e+00
  97.956901      0.649      0.645   0.079861    24.6265     0.3939    1.11840    67.1042   4026.250  0.000e+00
  97.956904      0.628      0.624   0.079881    24.6168     0.3941    1.11847    67.1083   4026.500  0.000e+00
  97.956907      0.638      0.634   0.080143    24.6117     0.3954    1.11854    67.1125   4026.750  0.000e+00
  97.956910      0.628      0.624   0.080087    24.6060     0.3952    1.11861    67.1167   4027.000  0.000e+00
  97.956913      0.638      0.634   0.080652    24.5959     0.3982    1.11868    67.1208   4027.250  0.000e+00
  97.956916      0.617      0.613   0.081391    24.5845     0.4020    1.11875    67.1250   4027.500  0.000e+00
  97.956918      0.660      0.656   0.082088    24.5767     0.4056    1.11882    67.1292   4027.750  0.000e+00
  97.956921      0.638      0.634   0.082473    24.5754     0.4076    1.11889    67.1333   4028.000  0.000e+00
  97.956924      0.638      0.634   0.082563    24.5784     0.4081    1.11896    67.1375   4028.250  0.000e+00
  97.956927      0.638      0.634   0.082376    24.5815     0.4071    1.11903    67.1417   4028.500  0.000e+00
  97.956930      0.638      0.634   0.081899    24.5847     0.4046    1.11910    67.1458   4028.750  0.000e+00
  97.956933      0.628      0.624   0.079998    24.5822     0.3949    1.11917    67.1500   4029.000  0.000e+00
  97.956936      0.606      0.602   0.077737    24.5561     0.3836    1.11924    67.1542   4029.250  0.000e+00
  97.956939      0.638      0.634   0.078338    24.5106     0.3871    1.11931    67.1583   4029.500  0.000e+00
  97.956942      0.628      0.624   0.076811    24.4700     0.3796    1.11938    67.1625   4029.750  0.000e+00
  97.956944      0.638      0.634   0.076380    24.4285     0.3778    1.11944    67.1667   4030.000  0.000e+00
  97.956947      0.649      0.645   0.075769    24.3857     0.3750    1.11951    67.1708   4030.250  0.000e+00
  97.956950      0.649      0.645   0.074616    24.3487     0.3694    1.11958    67.1750   4030.500  0.000e+00
  97.956953      0.627      0.623   0.075352    24.3125     0.3734    1.11965    67.1792   4030.750  0.000e+00
  97.956956      0.627      0.623   0.075205    24.2857     0.3729    1.11972    67.1833   4031.000  0.000e+00
  97.956959      0.627      0.623   0.073805    24.2656     0.3659    1.11979    67.1875   4031.250  0.000e+00
  97.956962      0.627      0.623   0.073794    24.2376     0.3661    1.11986    67.1917   4031.500  0.000e+00
  97.956965      0.616      0.612   0.074108    24.2099     0.3679    1.11993    67.1958   4031.750  0.000e+00
  97.956968      0.638      0.634   0.073170    24.1889     0.3632    1.12000    67.2000   4032.000  0.000e+00
  97.956970      0.638      0.634   0.071600    24.1662     0.3554    1.12007    67.2042   4032.250  0.000e+00
  97.956973      0.638      0.634   0.069606    24.1360     0.3454    1.12014    67.2083   4032.500  0.000e+00
  97.956976      0.627      0.623   0.069589    24.1018     0.3456    1.12021    67.2125   4032.750  0.000e+00
  97.956979      0.638      0.634   0.072895    24.0700     0.3627    1.12028    67.2167   4033.000  0.000e+00
  97.956982      0.648      0.644   0.073015    24.0555     0.3635    1.12035    67.2208   4033.250  0.000e+00
  97.956985      0.616      0.612   0.073295    24.0495     0.3650    1.12042    67.2250   4033.500  0.000e+00
  97.956988      0.627      0.623   0.073847    24.0366     0.3679    1.12049    67.2292   4033.750  0.000e+00
  97.956991      0.638      0.633   0.073811    24.0319     0.3677    1.12056    67.2333   4034.000  0.000e+00
  97.956994      0.627      0.623   0.073825    24.0258     0.3679    1.12063    67.2375   4034.250  0.000e+00
  97.956997      0.627      0.623   0.073567    24.0196     0.3666    1.12069    67.2417   4034.500  0.000e+00
  97.956999      0.627      0.623   0.073198    24.0144     0.3647    1.12076    67.2458   4034.750  0.000e+00
  97.957002      0.627      0.623   0.072804    24.0093     0.3627    1.12083    67.2500   4035.000  0.000e+00
  97.957005      0.637      0.633   0.072596    24.0072     0.3617    1.12090    67.2542   4035.250  0.000e+00
  97.957008      0.626      0.623   0.072474    24.0113     0.3610    1.12097    67.2583   4035.500  0.000e+00
  97.957011      0.605      0.601   0.072549    24.0191     0.3614    1.12104    67.2625   4035.750  0.000e+00
